  0%|                                                     | 0/1 [00:00<?, ?it/s]0:00:11.837840 - TCO_init tensor([[[ 1.0000,  0.0000,  0.0000, -0.0166],
         [ 0.0000,  1.0000,  0.0000,  0.0103],
         [ 0.0000,  0.0000,  1.0000,  0.3000],
         [ 0.0000,  0.0000,  0.0000,  1.0000]]], device='cuda:0')
0:00:12.364778 - iteration 0
0:00:14.020134 - vxvyvz tensor([[-0.0601,  0.0340, -0.0826]], device='cuda:0',
       grad_fn=<SliceBackward0>)
0:00:14.021264 - TCO_gt tensor([[[-0.7893,  0.4511,  0.4165, -0.0100],
         [-0.5688, -0.7927, -0.2192,  0.0062],
         [ 0.2313, -0.4099,  0.8823,  0.1920],
         [ 0.0000,  0.0000,  0.0000,  1.0000]]], device='cuda:0')
0:00:14.022239 - dR tensor([[[-0.5740,  0.2634, -0.7754],
         [-0.3955, -0.9183, -0.0192],
         [-0.7170,  0.2956,  0.6312]]], device='cuda:0',
       grad_fn=<StackBackward0>)
0:00:14.023086 - fxfy tensor([[1811.1807, 1811.1808]], device='cuda:0')
0:00:14.026783 - k: tensor([[[-0.5740,  0.2634, -0.7754, -0.0100],
         [-0.3955, -0.9183, -0.0192,  0.0062],
         [-0.7170,  0.2956,  0.6312,  0.1920],
         [ 0.0000,  0.0000,  0.0000,  1.0000]]], device='cuda:0',
       grad_fn=<CopySlices>)
0:00:14.027646 - k: tensor([[[-0.7893,  0.4511,  0.4165, -0.0106],
         [-0.5688, -0.7927, -0.2192,  0.0066],
         [ 0.2313, -0.4099,  0.8823,  0.1920],
         [ 0.0000,  0.0000,  0.0000,  1.0000]]], device='cuda:0',
       grad_fn=<CopySlices>)
0:00:14.028632 - k: tensor([[[-0.7893,  0.4511,  0.4165, -0.0100],
         [-0.5688, -0.7927, -0.2192,  0.0062],
         [ 0.2313, -0.4099,  0.8823, -0.0248],
         [ 0.0000,  0.0000,  0.0000,  1.0000]]], device='cuda:0',
       grad_fn=<CopySlices>)
0:00:14.029262 - k: tensor([0.0046], device='cuda:0', grad_fn=<MinBackward0>)
0:00:14.029869 - k: tensor([0.0003], device='cuda:0', grad_fn=<MinBackward0>)
0:00:14.030468 - k: tensor([0.0722], device='cuda:0', grad_fn=<MinBackward0>)
100%|████████████████████████████████| 1/1 [00:03<00:00,  3.52s/it, loss=0.0772]
  0%|                                                     | 0/1 [00:00<?, ?it/s]0:00:14.322787 - TCO_init tensor([[[ 1.0000,  0.0000,  0.0000, -0.0166],
         [ 0.0000,  1.0000,  0.0000,  0.0103],
         [ 0.0000,  0.0000,  1.0000,  0.3000],
         [ 0.0000,  0.0000,  0.0000,  1.0000]]], device='cuda:0')
0:00:14.851163 - iteration 0
0:00:15.149195 - vxvyvz tensor([[-0.0249,  0.0247,  0.0123]], device='cuda:0')
0:00:15.150248 - TCO_gt tensor([[[-0.7893,  0.4511,  0.4165, -0.0100],
         [-0.5688, -0.7927, -0.2192,  0.0062],
         [ 0.2313, -0.4099,  0.8823,  0.1920],
         [ 0.0000,  0.0000,  0.0000,  1.0000]]], device='cuda:0')
0:00:15.151221 - dR tensor([[[-0.4600, -0.7274, -0.5092],
         [-0.4680,  0.6860, -0.5571],
         [ 0.7545, -0.0180, -0.6560]]], device='cuda:0')
0:00:15.152075 - fxfy tensor([[1811.1807, 1811.1808]], device='cuda:0')
0:00:15.155295 - k: tensor([[[-0.4600, -0.7274, -0.5092, -0.0100],
         [-0.4680,  0.6860, -0.5571,  0.0062],
         [ 0.7545, -0.0180, -0.6560,  0.1920],
         [ 0.0000,  0.0000,  0.0000,  1.0000]]], device='cuda:0')
0:00:15.156182 - k: tensor([[[-0.7893,  0.4511,  0.4165, -0.0106],
         [-0.5688, -0.7927, -0.2192,  0.0066],
         [ 0.2313, -0.4099,  0.8823,  0.1920],
         [ 0.0000,  0.0000,  0.0000,  1.0000]]], device='cuda:0')
0:00:15.157191 - k: tensor([[[-0.7893,  0.4511,  0.4165, -0.0100],
         [-0.5688, -0.7927, -0.2192,  0.0062],
         [ 0.2313, -0.4099,  0.8823,  0.0037],
         [ 0.0000,  0.0000,  0.0000,  1.0000]]], device='cuda:0')
0:00:15.157829 - k: tensor([0.0034], device='cuda:0')
0:00:15.158424 - k: tensor([0.0003], device='cuda:0')
0:00:15.159030 - k: tensor([0.0628], device='cuda:0')
100%|█████████████████████████████████████████████| 1/1 [00:00<00:00,  2.00it/s]
0:00:14.561213 - bracket_assembly_nut_noaug_coarse--206204
0:00:14.561418 - {'grad_norm': 1.087014079093933, 'grad_norm_std': inf, 'learning_rate': 5.0000000000000004e-08, 'time_forward': 2.2281157970428467, 'time_backward': 0.6236915588378906, 'time_data': nan, 'gpu_memory': 2299.4736328125, 'time': 1683270269.142995, 'n_iterations': 1, 'n_datas': 8, 'train_loss_TCO-iter=1': 0.07716220617294312, 'train_loss_TCO': 0.07716220617294312, 'train_[loss_total': 0.07716220617294312, 'train_loss_total': 0.07716220617294312, 'train_grad_norm': 1.087014079093933, 'val_loss_TCO-iter=1': 0.06647974252700806, 'val_loss_TCO': 0.06647974252700806, 'val_[loss_total': 0.06647974252700806, 'val_loss_total': 0.06647974252700806, 'epoch': 0}
0:00:14.561546 - {}
  0%|                                                     | 0/1 [00:00<?, ?it/s]0:00:14.569486 - TCO_init tensor([[[ 1.0000,  0.0000,  0.0000, -0.0166],
         [ 0.0000,  1.0000,  0.0000,  0.0103],
         [ 0.0000,  0.0000,  1.0000,  0.3000],
         [ 0.0000,  0.0000,  0.0000,  1.0000]]], device='cuda:0')
0:00:15.092933 - iteration 0
0:00:15.401615 - vxvyvz tensor([[-0.0633,  0.0310, -0.0864]], device='cuda:0',
       grad_fn=<SliceBackward0>)
0:00:15.402700 - TCO_gt tensor([[[-0.7893,  0.4511,  0.4165, -0.0100],
         [-0.5688, -0.7927, -0.2192,  0.0062],
         [ 0.2313, -0.4099,  0.8823,  0.1920],
         [ 0.0000,  0.0000,  0.0000,  1.0000]]], device='cuda:0')
0:00:15.403684 - dR tensor([[[-0.5976,  0.2886, -0.7480],
         [-0.3884, -0.9204, -0.0448],
         [-0.7014,  0.2638,  0.6622]]], device='cuda:0',
       grad_fn=<StackBackward0>)
0:00:15.404588 - fxfy tensor([[1811.1807, 1811.1808]], device='cuda:0')
0:00:15.407593 - k: tensor([[[-0.5976,  0.2886, -0.7480, -0.0100],
         [-0.3884, -0.9204, -0.0448,  0.0062],
         [-0.7014,  0.2638,  0.6622,  0.1920],
         [ 0.0000,  0.0000,  0.0000,  1.0000]]], device='cuda:0',
       grad_fn=<CopySlices>)
0:00:15.408528 - k: tensor([[[-0.7893,  0.4511,  0.4165, -0.0106],
         [-0.5688, -0.7927, -0.2192,  0.0066],
         [ 0.2313, -0.4099,  0.8823,  0.1920],
         [ 0.0000,  0.0000,  0.0000,  1.0000]]], device='cuda:0',
       grad_fn=<CopySlices>)
0:00:15.409433 - k: tensor([[[-0.7893,  0.4511,  0.4165, -0.0100],
         [-0.5688, -0.7927, -0.2192,  0.0062],
         [ 0.2313, -0.4099,  0.8823, -0.0259],
         [ 0.0000,  0.0000,  0.0000,  1.0000]]], device='cuda:0',
       grad_fn=<CopySlices>)
0:00:15.410058 - k: tensor([0.0045], device='cuda:0', grad_fn=<MinBackward0>)
0:00:15.410657 - k: tensor([0.0003], device='cuda:0', grad_fn=<MinBackward0>)
0:00:15.411265 - k: tensor([0.0726], device='cuda:0', grad_fn=<MinBackward0>)
100%|████████████████████████████████| 1/1 [00:00<00:00,  4.47it/s, loss=0.0775]
0:00:14.965017 - bracket_assembly_nut_noaug_coarse--206204
0:00:14.965248 - {'grad_norm': 0.9903366565704346, 'grad_norm_std': inf, 'learning_rate': 7.500000000000001e-08, 'time_forward': 0.14077091217041016, 'time_backward': 0.0785524845123291, 'time_data': nan, 'gpu_memory': 2299.4736328125, 'time': 1683270269.4727054, 'n_iterations': 2, 'n_datas': 16, 'train_loss_TCO-iter=1': 0.07746572047472, 'train_loss_TCO': 0.07746572047472, 'train_[loss_total': 0.07746572047472, 'train_loss_total': 0.07746572047472, 'train_grad_norm': 0.9903366565704346, 'epoch': 1}
0:00:14.965365 - None
  0%|                                                     | 0/1 [00:00<?, ?it/s]0:00:15.055999 - TCO_init tensor([[[ 1.0000,  0.0000,  0.0000, -0.0166],
         [ 0.0000,  1.0000,  0.0000,  0.0103],
         [ 0.0000,  0.0000,  1.0000,  0.3000],
         [ 0.0000,  0.0000,  0.0000,  1.0000]]], device='cuda:0')
0:00:15.581548 - iteration 0
0:00:15.880510 - vxvyvz tensor([[-0.0580,  0.0322, -0.0821]], device='cuda:0',
       grad_fn=<SliceBackward0>)
0:00:15.881561 - TCO_gt tensor([[[-0.7893,  0.4511,  0.4165, -0.0100],
         [-0.5688, -0.7927, -0.2192,  0.0062],
         [ 0.2313, -0.4099,  0.8823,  0.1920],
         [ 0.0000,  0.0000,  0.0000,  1.0000]]], device='cuda:0')
0:00:15.882525 - dR tensor([[[-0.5799,  0.2726, -0.7678],
         [-0.3617, -0.9305, -0.0572],
         [-0.7300,  0.2445,  0.6382]]], device='cuda:0',
       grad_fn=<StackBackward0>)
0:00:15.883343 - fxfy tensor([[1811.1807, 1811.1808]], device='cuda:0')
0:00:15.886502 - k: tensor([[[-0.5799,  0.2726, -0.7678, -0.0100],
         [-0.3617, -0.9305, -0.0572,  0.0062],
         [-0.7300,  0.2445,  0.6382,  0.1920],
         [ 0.0000,  0.0000,  0.0000,  1.0000]]], device='cuda:0',
       grad_fn=<CopySlices>)
0:00:15.887439 - k: tensor([[[-0.7893,  0.4511,  0.4165, -0.0106],
         [-0.5688, -0.7927, -0.2192,  0.0066],
         [ 0.2313, -0.4099,  0.8823,  0.1920],
         [ 0.0000,  0.0000,  0.0000,  1.0000]]], device='cuda:0',
       grad_fn=<CopySlices>)
0:00:15.888353 - k: tensor([[[-0.7893,  0.4511,  0.4165, -0.0100],
         [-0.5688, -0.7927, -0.2192,  0.0062],
         [ 0.2313, -0.4099,  0.8823, -0.0246],
         [ 0.0000,  0.0000,  0.0000,  1.0000]]], device='cuda:0',
       grad_fn=<CopySlices>)
0:00:15.889012 - k: tensor([0.0046], device='cuda:0', grad_fn=<MinBackward0>)
0:00:15.889648 - k: tensor([0.0003], device='cuda:0', grad_fn=<MinBackward0>)
0:00:15.890255 - k: tensor([0.0722], device='cuda:0', grad_fn=<MinBackward0>)
100%|████████████████████████████████| 1/1 [00:00<00:00,  3.36it/s, loss=0.0772]
0:00:15.456944 - bracket_assembly_nut_noaug_coarse--206204
0:00:15.457170 - {'grad_norm': 1.0729767084121704, 'grad_norm_std': inf, 'learning_rate': 1.0000000000000001e-07, 'time_forward': 0.13333892822265625, 'time_backward': 0.07729721069335938, 'time_data': nan, 'gpu_memory': 2299.4736328125, 'time': 1683270269.9502652, 'n_iterations': 3, 'n_datas': 24, 'train_loss_TCO-iter=1': 0.07718610018491745, 'train_loss_TCO': 0.07718610018491745, 'train_[loss_total': 0.07718610018491745, 'train_loss_total': 0.07718610018491745, 'train_grad_norm': 1.0729767084121704, 'epoch': 2}
0:00:15.457402 - None
  0%|                                                     | 0/1 [00:00<?, ?it/s]0:00:15.543500 - TCO_init tensor([[[ 1.0000,  0.0000,  0.0000, -0.0166],
         [ 0.0000,  1.0000,  0.0000,  0.0103],
         [ 0.0000,  0.0000,  1.0000,  0.3000],
         [ 0.0000,  0.0000,  0.0000,  1.0000]]], device='cuda:0')
0:00:16.069033 - iteration 0
0:00:16.367073 - vxvyvz tensor([[-0.0590,  0.0414, -0.0836]], device='cuda:0',
       grad_fn=<SliceBackward0>)
0:00:16.368120 - TCO_gt tensor([[[-0.7893,  0.4511,  0.4165, -0.0100],
         [-0.5688, -0.7927, -0.2192,  0.0062],
         [ 0.2313, -0.4099,  0.8823,  0.1920],
         [ 0.0000,  0.0000,  0.0000,  1.0000]]], device='cuda:0')
0:00:16.369154 - dR tensor([[[-0.5765,  0.2740, -0.7698],
         [-0.3913, -0.9196, -0.0343],
         [-0.7173,  0.2814,  0.6373]]], device='cuda:0',
       grad_fn=<StackBackward0>)
0:00:16.369997 - fxfy tensor([[1811.1807, 1811.1808]], device='cuda:0')
0:00:16.372988 - k: tensor([[[-0.5765,  0.2740, -0.7698, -0.0100],
         [-0.3913, -0.9196, -0.0343,  0.0062],
         [-0.7173,  0.2814,  0.6373,  0.1920],
         [ 0.0000,  0.0000,  0.0000,  1.0000]]], device='cuda:0',
       grad_fn=<CopySlices>)
0:00:16.373877 - k: tensor([[[-0.7893,  0.4511,  0.4165, -0.0106],
         [-0.5688, -0.7927, -0.2192,  0.0066],
         [ 0.2313, -0.4099,  0.8823,  0.1920],
         [ 0.0000,  0.0000,  0.0000,  1.0000]]], device='cuda:0',
       grad_fn=<CopySlices>)
0:00:16.374738 - k: tensor([[[-0.7893,  0.4511,  0.4165, -0.0100],
         [-0.5688, -0.7927, -0.2192,  0.0062],
         [ 0.2313, -0.4099,  0.8823, -0.0251],
         [ 0.0000,  0.0000,  0.0000,  1.0000]]], device='cuda:0',
       grad_fn=<CopySlices>)
0:00:16.375349 - k: tensor([0.0046], device='cuda:0', grad_fn=<MinBackward0>)
0:00:16.375946 - k: tensor([0.0004], device='cuda:0', grad_fn=<MinBackward0>)
0:00:16.376601 - k: tensor([0.0724], device='cuda:0', grad_fn=<MinBackward0>)
100%|████████████████████████████████| 1/1 [00:00<00:00,  3.44it/s, loss=0.0773]
0:00:15.931145 - bracket_assembly_nut_noaug_coarse--206204
0:00:15.931388 - {'grad_norm': 1.243777871131897, 'grad_norm_std': inf, 'learning_rate': 1.2500000000000002e-07, 'time_forward': 0.13209819793701172, 'time_backward': 0.07655572891235352, 'time_data': nan, 'gpu_memory': 2299.4736328125, 'time': 1683270270.4359467, 'n_iterations': 4, 'n_datas': 32, 'train_loss_TCO-iter=1': 0.07725337147712708, 'train_loss_TCO': 0.07725337147712708, 'train_[loss_total': 0.07725337147712708, 'train_loss_total': 0.07725337147712708, 'train_grad_norm': 1.243777871131897, 'epoch': 3}
0:00:15.931504 - None
0:00:17.853030 - TCO_gt tensor([[[-0.7893,  0.4511,  0.4165, -0.0100],<?, ?it/s]0:00:16.042054 - TCO_init tensor([[[ 1.0000,  0.0000,  0.0000, -0.0166],
         [ 0.0000,  1.0000,  0.0000,  0.0103],
         [ 0.0000,  0.0000,  1.0000,  0.3000],
         [ 0.0000,  0.0000,  0.0000,  1.0000]]], device='cuda:0')
0:00:16.567607 - iteration 0
0:00:16.866742 - vxvyvz tensor([[-0.0559,  0.0326, -0.0848]], device='cuda:0',
       grad_fn=<SliceBackward0>)
0:00:16.867803 - TCO_gt tensor([[[-0.7893,  0.4511,  0.4165, -0.0100],
         [-0.5688, -0.7927, -0.2192,  0.0062],
         [ 0.2313, -0.4099,  0.8823,  0.1920],
         [ 0.0000,  0.0000,  0.0000,  1.0000]]], device='cuda:0')
0:00:16.868838 - dR tensor([[[-0.5881,  0.2577, -0.7666],
         [-0.3598, -0.9323, -0.0373],
         [-0.7244,  0.2539,  0.6410]]], device='cuda:0',
       grad_fn=<StackBackward0>)
0:00:16.869700 - fxfy tensor([[1811.1807, 1811.1808]], device='cuda:0')
0:00:16.872816 - k: tensor([[[-0.5881,  0.2577, -0.7666, -0.0100],
         [-0.3598, -0.9323, -0.0373,  0.0062],
         [-0.7244,  0.2539,  0.6410,  0.1920],
         [ 0.0000,  0.0000,  0.0000,  1.0000]]], device='cuda:0',
       grad_fn=<CopySlices>)
0:00:16.873721 - k: tensor([[[-0.7893,  0.4511,  0.4165, -0.0106],
         [-0.5688, -0.7927, -0.2192,  0.0066],
         [ 0.2313, -0.4099,  0.8823,  0.1920],
         [ 0.0000,  0.0000,  0.0000,  1.0000]]], device='cuda:0',
       grad_fn=<CopySlices>)
0:00:16.874624 - k: tensor([[[-0.7893,  0.4511,  0.4165, -0.0100],
         [-0.5688, -0.7927, -0.2192,  0.0062],
         [ 0.2313, -0.4099,  0.8823, -0.0255],
         [ 0.0000,  0.0000,  0.0000,  1.0000]]], device='cuda:0',
       grad_fn=<CopySlices>)
0:00:16.875242 - k: tensor([0.0046], device='cuda:0', grad_fn=<MinBackward0>)
0:00:16.875851 - k: tensor([0.0003], device='cuda:0', grad_fn=<MinBackward0>)
0:00:16.876503 - k: tensor([0.0725], device='cuda:0', grad_fn=<MinBackward0>)
100%|████████████████████████████████| 1/1 [00:00<00:00,  3.16it/s, loss=0.0774]
0:00:16.429118 - bracket_assembly_nut_noaug_coarse--206204
0:00:16.429352 - {'grad_norm': 0.9740713834762573, 'grad_norm_std': inf, 'learning_rate': 1.5000000000000002e-07, 'time_forward': 0.13356661796569824, 'time_backward': 0.07620477676391602, 'time_data': nan, 'gpu_memory': 2299.4736328125, 'time': 1683270270.9354987, 'n_iterations': 5, 'n_datas': 40, 'train_loss_TCO-iter=1': 0.07742352783679962, 'train_loss_TCO': 0.07742352783679962, 'train_[loss_total': 0.07742352783679962, 'train_loss_total': 0.07742352783679962, 'train_grad_norm': 0.9740713834762573, 'epoch': 4}
0:00:16.429473 - None
  0%|                                                     | 0/1 [00:00<?, ?it/s]0:00:16.527810 - TCO_init tensor([[[ 1.0000,  0.0000,  0.0000, -0.0166],
         [ 0.0000,  1.0000,  0.0000,  0.0103],
         [ 0.0000,  0.0000,  1.0000,  0.3000],
         [ 0.0000,  0.0000,  0.0000,  1.0000]]], device='cuda:0')
0:00:17.053325 - iteration 0
0:00:17.353529 - vxvyvz tensor([[-0.0600,  0.0337, -0.0814]], device='cuda:0',
       grad_fn=<SliceBackward0>)
0:00:17.354621 - TCO_gt tensor([[[-0.7893,  0.4511,  0.4165, -0.0100],
         [-0.5688, -0.7927, -0.2192,  0.0062],
         [ 0.2313, -0.4099,  0.8823,  0.1920],
         [ 0.0000,  0.0000,  0.0000,  1.0000]]], device='cuda:0')
0:00:17.355606 - dR tensor([[[-0.5746,  0.2655, -0.7742],
         [-0.3964, -0.9178, -0.0205],
         [-0.7160,  0.2951,  0.6326]]], device='cuda:0',
       grad_fn=<StackBackward0>)
0:00:17.356514 - fxfy tensor([[1811.1807, 1811.1808]], device='cuda:0')
0:00:17.359653 - k: tensor([[[-0.5746,  0.2655, -0.7742, -0.0100],
         [-0.3964, -0.9178, -0.0205,  0.0062],
         [-0.7160,  0.2951,  0.6326,  0.1920],
         [ 0.0000,  0.0000,  0.0000,  1.0000]]], device='cuda:0',
       grad_fn=<CopySlices>)
0:00:17.360611 - k: tensor([[[-0.7893,  0.4511,  0.4165, -0.0106],
         [-0.5688, -0.7927, -0.2192,  0.0066],
         [ 0.2313, -0.4099,  0.8823,  0.1920],
         [ 0.0000,  0.0000,  0.0000,  1.0000]]], device='cuda:0',
       grad_fn=<CopySlices>)
0:00:17.361528 - k: tensor([[[-0.7893,  0.4511,  0.4165, -0.0100],
         [-0.5688, -0.7927, -0.2192,  0.0062],
         [ 0.2313, -0.4099,  0.8823, -0.0244],
         [ 0.0000,  0.0000,  0.0000,  1.0000]]], device='cuda:0',
       grad_fn=<CopySlices>)
0:00:17.362146 - k: tensor([0.0046], device='cuda:0', grad_fn=<MinBackward0>)
0:00:17.362747 - k: tensor([0.0003], device='cuda:0', grad_fn=<MinBackward0>)
0:00:17.363346 - k: tensor([0.0721], device='cuda:0', grad_fn=<MinBackward0>)
100%|████████████████████████████████| 1/1 [00:00<00:00,  3.28it/s, loss=0.0771]
0:00:16.911624 - bracket_assembly_nut_noaug_coarse--206204
0:00:16.911862 - {'grad_norm': 1.0866936445236206, 'grad_norm_std': inf, 'learning_rate': 1.7500000000000002e-07, 'time_forward': 0.13454627990722656, 'time_backward': 0.07605481147766113, 'time_data': nan, 'gpu_memory': 2299.4736328125, 'time': 1683270271.4220982, 'n_iterations': 6, 'n_datas': 48, 'train_loss_TCO-iter=1': 0.07708068937063217, 'train_loss_TCO': 0.07708068937063217, 'train_[loss_total': 0.07708068937063217, 'train_loss_total': 0.07708068937063217, 'train_grad_norm': 1.0866936445236206, 'epoch': 5}
0:00:16.912021 - None
  0%|                                                     | 0/1 [00:00<?, ?it/s]0:00:17.028424 - TCO_init tensor([[[ 1.0000,  0.0000,  0.0000, -0.0166],
         [ 0.0000,  1.0000,  0.0000,  0.0103],
         [ 0.0000,  0.0000,  1.0000,  0.3000],
         [ 0.0000,  0.0000,  0.0000,  1.0000]]], device='cuda:0')
0:00:17.553946 - iteration 0
0:00:17.851866 - vxvyvz tensor([[-0.0679,  0.0303, -0.0887]], device='cuda:0',
       grad_fn=<SliceBackward0>)
0:00:17.853030 - TCO_gt tensor([[[-0.7893,  0.4511,  0.4165, -0.0100],<?, ?it/s]0:00:16.042054 - TCO_init tensor([[[ 1.0000,  0.0000,  0.0000, -0.0166],
         [-0.5688, -0.7927, -0.2192,  0.0062],
         [ 0.2313, -0.4099,  0.8823,  0.1920],
         [ 0.0000,  0.0000,  0.0000,  1.0000]]], device='cuda:0')
0:00:17.854028 - dR tensor([[[-0.5650,  0.2856, -0.7741],
         [-0.4187, -0.9077, -0.0293],
         [-0.7110,  0.3075,  0.6324]]], device='cuda:0',
       grad_fn=<StackBackward0>)
0:00:17.854910 - fxfy tensor([[1811.1807, 1811.1808]], device='cuda:0')
0:00:17.858146 - k: tensor([[[-0.5650,  0.2856, -0.7741, -0.0100],
         [-0.4187, -0.9077, -0.0293,  0.0062],
         [-0.7110,  0.3075,  0.6324,  0.1920],
         [ 0.0000,  0.0000,  0.0000,  1.0000]]], device='cuda:0',
       grad_fn=<CopySlices>)
0:00:17.859041 - k: tensor([[[-0.7893,  0.4511,  0.4165, -0.0106],
         [-0.5688, -0.7927, -0.2192,  0.0066],
         [ 0.2313, -0.4099,  0.8823,  0.1920],
         [ 0.0000,  0.0000,  0.0000,  1.0000]]], device='cuda:0',
       grad_fn=<CopySlices>)
0:00:17.859937 - k: tensor([[[-0.7893,  0.4511,  0.4165, -0.0100],
         [-0.5688, -0.7927, -0.2192,  0.0062],
         [ 0.2313, -0.4099,  0.8823, -0.0266],
         [ 0.0000,  0.0000,  0.0000,  1.0000]]], device='cuda:0',
       grad_fn=<CopySlices>)
0:00:17.860612 - k: tensor([0.0045], device='cuda:0', grad_fn=<MinBackward0>)
0:00:17.861229 - k: tensor([0.0003], device='cuda:0', grad_fn=<MinBackward0>)
0:00:17.861850 - k: tensor([0.0729], device='cuda:0', grad_fn=<MinBackward0>)
100%|████████████████████████████████| 1/1 [00:00<00:00,  3.10it/s, loss=0.0778]
0:00:17.414140 - bracket_assembly_nut_noaug_coarse--206204
0:00:17.414382 - {'grad_norm': 1.0107815265655518, 'grad_norm_std': inf, 'learning_rate': 2.0000000000000002e-07, 'time_forward': 0.13251829147338867, 'time_backward': 0.07745027542114258, 'time_data': nan, 'gpu_memory': 2299.4736328125, 'time': 1683270271.9219687, 'n_iterations': 7, 'n_datas': 56, 'train_loss_TCO-iter=1': 0.07776150852441788, 'train_loss_TCO': 0.07776150852441788, 'train_[loss_total': 0.07776150852441788, 'train_loss_total': 0.07776150852441788, 'train_grad_norm': 1.0107815265655518, 'epoch': 6}
0:00:17.414559 - None
  0%|                                                     | 0/1 [00:00<?, ?it/s]0:00:17.510309 - TCO_init tensor([[[ 1.0000,  0.0000,  0.0000, -0.0166],
         [ 0.0000,  1.0000,  0.0000,  0.0103],
         [ 0.0000,  0.0000,  1.0000,  0.3000],
         [ 0.0000,  0.0000,  0.0000,  1.0000]]], device='cuda:0')
0:00:18.035838 - iteration 0
0:00:18.323994 - vxvyvz tensor([[-0.0558,  0.0284, -0.0832]], device='cuda:0',
       grad_fn=<SliceBackward0>)
0:00:18.325094 - TCO_gt tensor([[[-0.7893,  0.4511,  0.4165, -0.0100],
         [-0.5688, -0.7927, -0.2192,  0.0062],
         [ 0.2313, -0.4099,  0.8823,  0.1920],
         [ 0.0000,  0.0000,  0.0000,  1.0000]]], device='cuda:0')
0:00:18.326087 - dR tensor([[[-0.5657,  0.3012, -0.7677],
         [-0.4107, -0.9102, -0.0545],
         [-0.7151,  0.2845,  0.6385]]], device='cuda:0',
       grad_fn=<StackBackward0>)
0:00:18.326931 - fxfy tensor([[1811.1807, 1811.1808]], device='cuda:0')
0:00:18.330199 - k: tensor([[[-0.5657,  0.3012, -0.7677, -0.0100],
         [-0.4107, -0.9102, -0.0545,  0.0062],
         [-0.7151,  0.2845,  0.6385,  0.1920],
         [ 0.0000,  0.0000,  0.0000,  1.0000]]], device='cuda:0',
       grad_fn=<CopySlices>)
0:00:18.331116 - k: tensor([[[-0.7893,  0.4511,  0.4165, -0.0106],
         [-0.5688, -0.7927, -0.2192,  0.0066],
         [ 0.2313, -0.4099,  0.8823,  0.1920],
         [ 0.0000,  0.0000,  0.0000,  1.0000]]], device='cuda:0',
       grad_fn=<CopySlices>)
0:00:18.332006 - k: tensor([[[-0.7893,  0.4511,  0.4165, -0.0100],
         [-0.5688, -0.7927, -0.2192,  0.0062],
         [ 0.2313, -0.4099,  0.8823, -0.0250],
         [ 0.0000,  0.0000,  0.0000,  1.0000]]], device='cuda:0',
       grad_fn=<CopySlices>)
0:00:18.332681 - k: tensor([0.0045], device='cuda:0', grad_fn=<MinBackward0>)
0:00:18.333300 - k: tensor([0.0003], device='cuda:0', grad_fn=<MinBackward0>)
0:00:18.333920 - k: tensor([0.0723], device='cuda:0', grad_fn=<MinBackward0>)
100%|████████████████████████████████| 1/1 [00:00<00:00,  3.41it/s, loss=0.0772]
0:00:17.885399 - bracket_assembly_nut_noaug_coarse--206204
0:00:17.885615 - {'grad_norm': 1.0733907222747803, 'grad_norm_std': inf, 'learning_rate': 2.2500000000000002e-07, 'time_forward': 0.12271642684936523, 'time_backward': 0.07844972610473633, 'time_data': nan, 'gpu_memory': 2299.4736328125, 'time': 1683270272.3950589, 'n_iterations': 8, 'n_datas': 64, 'train_loss_TCO-iter=1': 0.07717516273260117, 'train_loss_TCO': 0.07717516273260117, 'train_[loss_total': 0.07717516273260117, 'train_loss_total': 0.07717516273260117, 'train_grad_norm': 1.0733907222747803, 'epoch': 7}
0:00:17.885731 - None
  0%|                                                     | 0/1 [00:00<?, ?it/s]0:00:17.893396 - TCO_init tensor([[[ 1.0000,  0.0000,  0.0000, -0.0166],
         [ 0.0000,  1.0000,  0.0000,  0.0103],
         [ 0.0000,  0.0000,  1.0000,  0.3000],
         [ 0.0000,  0.0000,  0.0000,  1.0000]]], device='cuda:0')
0:00:18.418710 - iteration 0
0:00:18.706462 - vxvyvz tensor([[-0.0668,  0.0251, -0.0841]], device='cuda:0',
       grad_fn=<SliceBackward0>)
0:00:18.707535 - TCO_gt tensor([[[-0.7893,  0.4511,  0.4165, -0.0100],
         [-0.5688, -0.7927, -0.2192,  0.0062],
         [ 0.2313, -0.4099,  0.8823,  0.1920],
         [ 0.0000,  0.0000,  0.0000,  1.0000]]], device='cuda:0')
0:00:18.708581 - dR tensor([[[-0.5821,  0.2434, -0.7759],
         [-0.3501, -0.9362, -0.0310],
         [-0.7339,  0.2535,  0.6301]]], device='cuda:0',
       grad_fn=<StackBackward0>)
0:00:18.709434 - fxfy tensor([[1811.1807, 1811.1808]], device='cuda:0')
0:00:18.712623 - k: tensor([[[-0.5821,  0.2434, -0.7759, -0.0100],
         [-0.3501, -0.9362, -0.0310,  0.0062],
         [-0.7339,  0.2535,  0.6301,  0.1920],
         [ 0.0000,  0.0000,  0.0000,  1.0000]]], device='cuda:0',
       grad_fn=<CopySlices>)
0:00:18.713546 - k: tensor([[[-0.7893,  0.4511,  0.4165, -0.0106],
         [-0.5688, -0.7927, -0.2192,  0.0066],
         [ 0.2313, -0.4099,  0.8823,  0.1920],
         [ 0.0000,  0.0000,  0.0000,  1.0000]]], device='cuda:0',
       grad_fn=<CopySlices>)
0:00:18.714433 - k: tensor([[[-0.7893,  0.4511,  0.4165, -0.0100],
         [-0.5688, -0.7927, -0.2192,  0.0062],
         [ 0.2313, -0.4099,  0.8823, -0.0252],
         [ 0.0000,  0.0000,  0.0000,  1.0000]]], device='cuda:0',
       grad_fn=<CopySlices>)
0:00:18.715042 - k: tensor([0.0046], device='cuda:0', grad_fn=<MinBackward0>)
0:00:18.715664 - k: tensor([0.0003], device='cuda:0', grad_fn=<MinBackward0>)
0:00:18.716309 - k: tensor([0.0724], device='cuda:0', grad_fn=<MinBackward0>)
       grad_fn=<CopySlices>)█████████| 1/1 [00:00<00:00,  4.94it/s, loss=0.0773]
0:00:18.277454 - bracket_assembly_nut_noaug_coarse--206204
0:00:18.277662 - {'grad_norm': 1.1382508277893066, 'grad_norm_std': inf, 'learning_rate': 2.5000000000000004e-07, 'time_forward': 0.12203669548034668, 'time_backward': 0.07664179801940918, 'time_data': nan, 'gpu_memory': 2299.4736328125, 'time': 1683270272.775486, 'n_iterations': 9, 'n_datas': 72, 'train_loss_TCO-iter=1': 0.07734448462724686, 'train_loss_TCO': 0.07734448462724686, 'train_[loss_total': 0.07734448462724686, 'train_loss_total': 0.07734448462724686, 'train_grad_norm': 1.1382508277893066, 'epoch': 8}
0:00:18.277772 - None
  0%|                                                     | 0/1 [00:00<?, ?it/s]0:00:18.285338 - TCO_init tensor([[[ 1.0000,  0.0000,  0.0000, -0.0166],
         [ 0.0000,  1.0000,  0.0000,  0.0103],
         [ 0.0000,  0.0000,  1.0000,  0.3000],
         [ 0.0000,  0.0000,  0.0000,  1.0000]]], device='cuda:0')
0:00:18.810589 - iteration 0
0:00:19.101409 - vxvyvz tensor([[-0.0598,  0.0334, -0.0795]], device='cuda:0',
       grad_fn=<SliceBackward0>)
0:00:19.102457 - TCO_gt tensor([[[-0.7893,  0.4511,  0.4165, -0.0100],
         [-0.5688, -0.7927, -0.2192,  0.0062],
         [ 0.2313, -0.4099,  0.8823,  0.1920],
         [ 0.0000,  0.0000,  0.0000,  1.0000]]], device='cuda:0')
0:00:19.103441 - dR tensor([[[-0.5758,  0.2694, -0.7719],
         [-0.3981, -0.9171, -0.0231],
         [-0.7141,  0.2939,  0.6353]]], device='cuda:0',
       grad_fn=<StackBackward0>)
0:00:19.104326 - fxfy tensor([[1811.1807, 1811.1808]], device='cuda:0')
0:00:19.107509 - k: tensor([[[-0.5758,  0.2694, -0.7719, -0.0100],
         [-0.3981, -0.9171, -0.0231,  0.0062],
         [-0.7141,  0.2939,  0.6353,  0.1920],
         [ 0.0000,  0.0000,  0.0000,  1.0000]]], device='cuda:0',
       grad_fn=<CopySlices>)
0:00:19.108466 - k: tensor([[[-0.7893,  0.4511,  0.4165, -0.0106],
         [-0.5688, -0.7927, -0.2192,  0.0066],
         [ 0.2313, -0.4099,  0.8823,  0.1920],
         [ 0.0000,  0.0000,  0.0000,  1.0000]]], device='cuda:0',
       grad_fn=<CopySlices>)
0:00:19.109374 - k: tensor([[[-0.7893,  0.4511,  0.4165, -0.0100],
         [-0.5688, -0.7927, -0.2192,  0.0062],
         [ 0.2313, -0.4099,  0.8823, -0.0239],
         [ 0.0000,  0.0000,  0.0000,  1.0000]]], device='cuda:0',
       grad_fn=<CopySlices>)
0:00:19.110013 - k: tensor([0.0045], device='cuda:0', grad_fn=<MinBackward0>)
0:00:19.110627 - k: tensor([0.0003], device='cuda:0', grad_fn=<MinBackward0>)
0:00:19.111228 - k: tensor([0.0719], device='cuda:0', grad_fn=<MinBackward0>)
100%|████████████████████████████████| 1/1 [00:00<00:00,  4.89it/s, loss=0.0768]
0:00:18.702536 - bracket_assembly_nut_noaug_coarse--206204
0:00:18.702734 - {'grad_norm': 1.0857867002487183, 'grad_norm_std': inf, 'learning_rate': 2.75e-07, 'time_forward': 0.12499570846557617, 'time_backward': 0.07593369483947754, 'time_data': nan, 'gpu_memory': 2299.4736328125, 'time': 1683270273.1696978, 'n_iterations': 10, 'n_datas': 80, 'train_loss_TCO-iter=1': 0.07683879137039185, 'train_loss_TCO': 0.07683879137039185, 'train_[loss_total': 0.07683879137039185, 'train_loss_total': 0.07683879137039185, 'train_grad_norm': 1.0857867002487183, 'epoch': 9}
0:00:18.702865 - None
  0%|                                                     | 0/1 [00:00<?, ?it/s]0:00:18.710298 - TCO_init tensor([[[ 1.0000,  0.0000,  0.0000, -0.0166],
         [ 0.0000,  1.0000,  0.0000,  0.0103],
         [ 0.0000,  0.0000,  1.0000,  0.3000],
         [ 0.0000,  0.0000,  0.0000,  1.0000]]], device='cuda:0')
0:00:19.235574 - iteration 0
0:00:19.525396 - vxvyvz tensor([[-0.0616,  0.0293, -0.0848]], device='cuda:0',
       grad_fn=<SliceBackward0>)
0:00:19.526464 - TCO_gt tensor([[[-0.7893,  0.4511,  0.4165, -0.0100],
         [-0.5688, -0.7927, -0.2192,  0.0062],
         [ 0.2313, -0.4099,  0.8823,  0.1920],
         [ 0.0000,  0.0000,  0.0000,  1.0000]]], device='cuda:0')
0:00:19.527425 - dR tensor([[[-0.5620,  0.2708, -0.7816],
         [-0.3980, -0.9169, -0.0315],
         [-0.7251,  0.2933,  0.6230]]], device='cuda:0',
       grad_fn=<StackBackward0>)
0:00:19.528292 - fxfy tensor([[1811.1807, 1811.1808]], device='cuda:0')
0:00:19.531508 - k: tensor([[[-0.5620,  0.2708, -0.7816, -0.0100],
         [-0.3980, -0.9169, -0.0315,  0.0062],
         [-0.7251,  0.2933,  0.6230,  0.1920],
         [ 0.0000,  0.0000,  0.0000,  1.0000]]], device='cuda:0',
       grad_fn=<CopySlices>)
0:00:19.532478 - k: tensor([[[-0.7893,  0.4511,  0.4165, -0.0106],
         [-0.5688, -0.7927, -0.2192,  0.0066],
         [ 0.2313, -0.4099,  0.8823,  0.1920],
         [ 0.0000,  0.0000,  0.0000,  1.0000]]], device='cuda:0',
       grad_fn=<CopySlices>)
0:00:19.533390 - k: tensor([[[-0.7893,  0.4511,  0.4165, -0.0100],
         [-0.5688, -0.7927, -0.2192,  0.0062],
         [ 0.2313, -0.4099,  0.8823, -0.0255],
         [ 0.0000,  0.0000,  0.0000,  1.0000]]], device='cuda:0',
       grad_fn=<CopySlices>)
0:00:19.534013 - k: tensor([0.0046], device='cuda:0', grad_fn=<MinBackward0>)
0:00:19.534615 - k: tensor([0.0003], device='cuda:0', grad_fn=<MinBackward0>)
0:00:19.535213 - k: tensor([0.0725], device='cuda:0', grad_fn=<MinBackward0>)
100%|████████████████████████████████| 1/1 [00:00<00:00,  4.92it/s, loss=0.0774]
0:00:19.094498 - bracket_assembly_nut_noaug_coarse--206204
0:00:19.094701 - {'grad_norm': 1.0541257858276367, 'grad_norm_std': inf, 'learning_rate': 3.0000000000000004e-07, 'time_forward': 0.12394952774047852, 'time_backward': 0.07584214210510254, 'time_data': nan, 'gpu_memory': 2299.4736328125, 'time': 1683270273.593603, 'n_iterations': 11, 'n_datas': 88, 'train_loss_TCO-iter=1': 0.07742390781641006, 'train_loss_TCO': 0.07742390781641006, 'train_[loss_total': 0.07742390781641006, 'train_loss_total': 0.07742390781641006, 'train_grad_norm': 1.0541257858276367, 'epoch': 10}
0:00:19.094816 - None
  0%|                                                     | 0/1 [00:00<?, ?it/s]0:00:19.102357 - TCO_init tensor([[[ 1.0000,  0.0000,  0.0000, -0.0166],
         [ 0.0000,  1.0000,  0.0000,  0.0103],
         [ 0.0000,  0.0000,  1.0000,  0.3000],
         [ 0.0000,  0.0000,  0.0000,  1.0000]]], device='cuda:0')
0:00:19.627575 - iteration 0
0:00:19.917716 - vxvyvz tensor([[-0.0602,  0.0281, -0.0850]], device='cuda:0',
       grad_fn=<SliceBackward0>)
0:00:19.918761 - TCO_gt tensor([[[-0.7893,  0.4511,  0.4165, -0.0100],
         [-0.5688, -0.7927, -0.2192,  0.0062],
         [ 0.2313, -0.4099,  0.8823,  0.1920],
         [ 0.0000,  0.0000,  0.0000,  1.0000]]], device='cuda:0')
0:00:19.919746 - dR tensor([[[-0.5885,  0.2875, -0.7557],
         [-0.3728, -0.9258, -0.0619],
         [-0.7174,  0.2453,  0.6520]]], device='cuda:0',
       grad_fn=<StackBackward0>)
0:00:19.920648 - fxfy tensor([[1811.1807, 1811.1808]], device='cuda:0')
0:00:19.923745 - k: tensor([[[-0.5885,  0.2875, -0.7557, -0.0100],
         [-0.3728, -0.9258, -0.0619,  0.0062],
         [-0.7174,  0.2453,  0.6520,  0.1920],
         [ 0.0000,  0.0000,  0.0000,  1.0000]]], device='cuda:0',
       grad_fn=<CopySlices>)
0:00:19.924756 - k: tensor([[[-0.7893,  0.4511,  0.4165, -0.0106],
         [-0.5688, -0.7927, -0.2192,  0.0066],
         [ 0.2313, -0.4099,  0.8823,  0.1920],
         [ 0.0000,  0.0000,  0.0000,  1.0000]]], device='cuda:0',
       grad_fn=<CopySlices>)
0:00:19.925675 - k: tensor([[[-0.7893,  0.4511,  0.4165, -0.0100],
         [-0.5688, -0.7927, -0.2192,  0.0062],
         [ 0.2313, -0.4099,  0.8823, -0.0255],
         [ 0.0000,  0.0000,  0.0000,  1.0000]]], device='cuda:0',
       grad_fn=<CopySlices>)
0:00:19.926286 - k: tensor([0.0045], device='cuda:0', grad_fn=<MinBackward0>)
0:00:19.926889 - k: tensor([0.0003], device='cuda:0', grad_fn=<MinBackward0>)
0:00:19.927491 - k: tensor([0.0725], device='cuda:0', grad_fn=<MinBackward0>)
100%|████████████████████████████████| 1/1 [00:00<00:00,  4.90it/s, loss=0.0774]
0:00:19.484805 - bracket_assembly_nut_noaug_coarse--206204
0:00:19.485025 - {'grad_norm': 1.0933071374893188, 'grad_norm_std': inf, 'learning_rate': 3.25e-07, 'time_forward': 0.12426233291625977, 'time_backward': 0.0762939453125, 'time_data': nan, 'gpu_memory': 2299.4736328125, 'time': 1683270273.9863214, 'n_iterations': 12, 'n_datas': 96, 'train_loss_TCO-iter=1': 0.07738073170185089, 'train_loss_TCO': 0.07738073170185089, 'train_[loss_total': 0.07738073170185089, 'train_loss_total': 0.07738073170185089, 'train_grad_norm': 1.0933071374893188, 'epoch': 11}
0:00:19.485140 - None
  0%|                                                     | 0/1 [00:00<?, ?it/s]0:00:19.492575 - TCO_init tensor([[[ 1.0000,  0.0000,  0.0000, -0.0166],
         [ 0.0000,  1.0000,  0.0000,  0.0103],
         [ 0.0000,  0.0000,  1.0000,  0.3000],
         [ 0.0000,  0.0000,  0.0000,  1.0000]]], device='cuda:0')
0:00:20.017733 - iteration 0
0:00:20.304980 - vxvyvz tensor([[-0.0541,  0.0336, -0.0842]], device='cuda:0',
       grad_fn=<SliceBackward0>)
0:00:20.306018 - TCO_gt tensor([[[-0.7893,  0.4511,  0.4165, -0.0100],
         [-0.5688, -0.7927, -0.2192,  0.0062],
         [ 0.2313, -0.4099,  0.8823,  0.1920],
         [ 0.0000,  0.0000,  0.0000,  1.0000]]], device='cuda:0')
0:00:20.306986 - dR tensor([[[-0.5784,  0.2626, -0.7723],
         [-0.3705, -0.9280, -0.0380],
         [-0.7267,  0.2642,  0.6341]]], device='cuda:0',
       grad_fn=<StackBackward0>)
0:00:20.307831 - fxfy tensor([[1811.1807, 1811.1808]], device='cuda:0')
0:00:20.311038 - k: tensor([[[-0.5784,  0.2626, -0.7723, -0.0100],
         [-0.3705, -0.9280, -0.0380,  0.0062],
         [-0.7267,  0.2642,  0.6341,  0.1920],
         [ 0.0000,  0.0000,  0.0000,  1.0000]]], device='cuda:0',
       grad_fn=<CopySlices>)
0:00:20.311951 - k: tensor([[[-0.7893,  0.4511,  0.4165, -0.0106],
         [-0.5688, -0.7927, -0.2192,  0.0066],
         [ 0.2313, -0.4099,  0.8823,  0.1920],
         [ 0.0000,  0.0000,  0.0000,  1.0000]]], device='cuda:0',
       grad_fn=<CopySlices>)
0:00:20.312894 - k: tensor([[[-0.7893,  0.4511,  0.4165, -0.0100],
         [-0.5688, -0.7927, -0.2192,  0.0062],
         [ 0.2313, -0.4099,  0.8823, -0.0253],
         [ 0.0000,  0.0000,  0.0000,  1.0000]]], device='cuda:0',
       grad_fn=<CopySlices>)
0:00:20.313509 - k: tensor([0.0046], device='cuda:0', grad_fn=<MinBackward0>)
0:00:20.314108 - k: tensor([0.0003], device='cuda:0', grad_fn=<MinBackward0>)
0:00:20.314692 - k: tensor([0.0724], device='cuda:0', grad_fn=<MinBackward0>)
100%|████████████████████████████████| 1/1 [00:00<00:00,  4.98it/s, loss=0.0773]
0:00:19.882888 - bracket_assembly_nut_noaug_coarse--206204
0:00:19.883094 - {'grad_norm': 1.1236863136291504, 'grad_norm_std': inf, 'learning_rate': 3.5000000000000004e-07, 'time_forward': 0.12106704711914062, 'time_backward': 0.07592892646789551, 'time_data': nan, 'gpu_memory': 2299.4736328125, 'time': 1683270274.373123, 'n_iterations': 13, 'n_datas': 104, 'train_loss_TCO-iter=1': 0.07734455168247223, 'train_loss_TCO': 0.07734455168247223, 'train_[loss_total': 0.07734455168247223, 'train_loss_total': 0.07734455168247223, 'train_grad_norm': 1.1236863136291504, 'epoch': 12}
0:00:19.883199 - None
  0%|                                                     | 0/1 [00:00<?, ?it/s]0:00:19.890528 - TCO_init tensor([[[ 1.0000,  0.0000,  0.0000, -0.0166],
         [ 0.0000,  1.0000,  0.0000,  0.0103],
         [ 0.0000,  0.0000,  1.0000,  0.3000],
         [ 0.0000,  0.0000,  0.0000,  1.0000]]], device='cuda:0')
0:00:20.415733 - iteration 0
0:00:20.703899 - vxvyvz tensor([[-0.0581,  0.0322, -0.0814]], device='cuda:0',
       grad_fn=<SliceBackward0>)
0:00:20.705019 - TCO_gt tensor([[[-0.7893,  0.4511,  0.4165, -0.0100],
         [-0.5688, -0.7927, -0.2192,  0.0062],
         [ 0.2313, -0.4099,  0.8823,  0.1920],
         [ 0.0000,  0.0000,  0.0000,  1.0000]]], device='cuda:0')
0:00:20.706020 - dR tensor([[[-0.5585,  0.2568, -0.7888],
         [-0.3683, -0.9288, -0.0416],
         [-0.7433,  0.2673,  0.6133]]], device='cuda:0',
       grad_fn=<StackBackward0>)
0:00:20.706862 - fxfy tensor([[1811.1807, 1811.1808]], device='cuda:0')
0:00:20.710108 - k: tensor([[[-0.5585,  0.2568, -0.7888, -0.0100],
         [-0.3683, -0.9288, -0.0416,  0.0062],
         [-0.7433,  0.2673,  0.6133,  0.1920],
         [ 0.0000,  0.0000,  0.0000,  1.0000]]], device='cuda:0',
       grad_fn=<CopySlices>)
0:00:20.711025 - k: tensor([[[-0.7893,  0.4511,  0.4165, -0.0106],
         [-0.5688, -0.7927, -0.2192,  0.0066],
         [ 0.2313, -0.4099,  0.8823,  0.1920],
         [ 0.0000,  0.0000,  0.0000,  1.0000]]], device='cuda:0',
       grad_fn=<CopySlices>)
0:00:20.711914 - k: tensor([[[-0.7893,  0.4511,  0.4165, -0.0100],
         [-0.5688, -0.7927, -0.2192,  0.0062],
         [ 0.2313, -0.4099,  0.8823, -0.0244],
         [ 0.0000,  0.0000,  0.0000,  1.0000]]], device='cuda:0',
       grad_fn=<CopySlices>)█████████| 1/1 [00:00<00:00,  4.94it/s, loss=0.0773]
0:00:20.712585 - k: tensor([0.0047], device='cuda:0', grad_fn=<MinBackward0>)
0:00:20.713205 - k: tensor([0.0003], device='cuda:0', grad_fn=<MinBackward0>)
0:00:20.713848 - k: tensor([0.0721], device='cuda:0', grad_fn=<MinBackward0>)
100%|████████████████████████████████| 1/1 [00:00<00:00,  4.94it/s, loss=0.0772]
0:00:20.270362 - bracket_assembly_nut_noaug_coarse--206204
0:00:20.270581 - {'grad_norm': 1.0603275299072266, 'grad_norm_std': inf, 'learning_rate': 3.75e-07, 'time_forward': 0.12230205535888672, 'time_backward': 0.0763545036315918, 'time_data': nan, 'gpu_memory': 2299.4736328125, 'time': 1683270274.77274, 'n_iterations': 14, 'n_datas': 112, 'train_loss_TCO-iter=1': 0.07722567766904831, 'train_loss_TCO': 0.07722567766904831, 'train_[loss_total': 0.07722567766904831, 'train_loss_total': 0.07722567766904831, 'train_grad_norm': 1.0603275299072266, 'epoch': 13}
0:00:20.270693 - None
  0%|                                                     | 0/1 [00:00<?, ?it/s]0:00:20.278295 - TCO_init tensor([[[ 1.0000,  0.0000,  0.0000, -0.0166],
         [ 0.0000,  1.0000,  0.0000,  0.0103],
         [ 0.0000,  0.0000,  1.0000,  0.3000],
         [ 0.0000,  0.0000,  0.0000,  1.0000]]], device='cuda:0')
0:00:20.803566 - iteration 0
0:00:21.090893 - vxvyvz tensor([[-0.0628,  0.0277, -0.0855]], device='cuda:0',
       grad_fn=<SliceBackward0>)
0:00:21.091941 - TCO_gt tensor([[[-0.7893,  0.4511,  0.4165, -0.0100],
         [-0.5688, -0.7927, -0.2192,  0.0062],
         [ 0.2313, -0.4099,  0.8823,  0.1920],
         [ 0.0000,  0.0000,  0.0000,  1.0000]]], device='cuda:0')
0:00:21.092984 - dR tensor([[[-0.5929,  0.3078, -0.7441],
         [-0.3691, -0.9252, -0.0885],
         [-0.7157,  0.2222,  0.6622]]], device='cuda:0',
       grad_fn=<StackBackward0>)
0:00:21.093838 - fxfy tensor([[1811.1807, 1811.1808]], device='cuda:0')
0:00:21.097028 - k: tensor([[[-0.5929,  0.3078, -0.7441, -0.0100],
         [-0.3691, -0.9252, -0.0885,  0.0062],
         [-0.7157,  0.2222,  0.6622,  0.1920],
         [ 0.0000,  0.0000,  0.0000,  1.0000]]], device='cuda:0',
       grad_fn=<CopySlices>)
