  0%|                                                     | 0/1 [00:00<?, ?it/s]0:00:11.826782 - TCO_init tensor([[[ 1.0000,  0.0000,  0.0000, -0.0166],
         [ 0.0000,  1.0000,  0.0000,  0.0103],
         [ 0.0000,  0.0000,  1.0000,  0.3000],
         [ 0.0000,  0.0000,  0.0000,  1.0000]]], device='cuda:0')
0:00:12.359485 - iteration 0
0:00:14.099422 - vxvyvz tensor([[-0.0153,  0.0539,  0.1954]], device='cuda:0',
       grad_fn=<SliceBackward0>)
0:00:14.100542 - TCO_gt tensor([[[-0.7893,  0.4511,  0.4165, -0.0100],
         [-0.5688, -0.7927, -0.2192,  0.0062],
         [ 0.2313, -0.4099,  0.8823,  0.1920],
         [ 0.0000,  0.0000,  0.0000,  1.0000]]], device='cuda:0')
0:00:14.101519 - dR tensor([[[ 0.1293,  0.5242, -0.8417],
         [ 0.8338,  0.4019,  0.3784],
         [ 0.5366, -0.7508, -0.3851]]], device='cuda:0',
       grad_fn=<StackBackward0>)
0:00:14.102326 - fxfy tensor([[1811.1807, 1811.1808]], device='cuda:0')
0:00:14.105990 - k: tensor([[[ 0.1293,  0.5242, -0.8417, -0.0100],
         [ 0.8338,  0.4019,  0.3784,  0.0062],
         [ 0.5366, -0.7508, -0.3851,  0.1920],
         [ 0.0000,  0.0000,  0.0000,  1.0000]]], device='cuda:0',
       grad_fn=<CopySlices>)
0:00:14.106889 - k: tensor([[[-0.7893,  0.4511,  0.4165, -0.0106],
         [-0.5688, -0.7927, -0.2192,  0.0066],
         [ 0.2313, -0.4099,  0.8823,  0.1920],
         [ 0.0000,  0.0000,  0.0000,  1.0000]]], device='cuda:0',
       grad_fn=<CopySlices>)
0:00:14.107886 - k: tensor([[[-0.7893,  0.4511,  0.4165, -0.0100],
         [-0.5688, -0.7927, -0.2192,  0.0062],
         [ 0.2313, -0.4099,  0.8823,  0.0586],
         [ 0.0000,  0.0000,  0.0000,  1.0000]]], device='cuda:0',
       grad_fn=<CopySlices>)
0:00:14.108504 - k: tensor([0.0026], device='cuda:0', grad_fn=<MinBackward0>)
0:00:14.109108 - k: tensor([0.0003], device='cuda:0', grad_fn=<MinBackward0>)
0:00:14.109695 - k: tensor([0.0444], device='cuda:0', grad_fn=<MinBackward0>)
100%|████████████████████████████████| 1/1 [00:03<00:00,  3.58s/it, loss=0.0474]
  0%|                                                     | 0/1 [00:00<?, ?it/s]0:00:14.374354 - TCO_init tensor([[[ 1.0000,  0.0000,  0.0000, -0.0166],
         [ 0.0000,  1.0000,  0.0000,  0.0103],
         [ 0.0000,  0.0000,  1.0000,  0.3000],
         [ 0.0000,  0.0000,  0.0000,  1.0000]]], device='cuda:0')
0:00:14.907842 - iteration 0
0:00:15.219069 - vxvyvz tensor([[-0.0006,  0.0219,  0.0139]], device='cuda:0')
0:00:15.220163 - TCO_gt tensor([[[-0.7893,  0.4511,  0.4165, -0.0100],
         [-0.5688, -0.7927, -0.2192,  0.0062],
         [ 0.2313, -0.4099,  0.8823,  0.1920],
         [ 0.0000,  0.0000,  0.0000,  1.0000]]], device='cuda:0')
0:00:15.221139 - dR tensor([[[ 0.2961,  0.7212, -0.6262],
         [ 0.6728,  0.3079,  0.6728],
         [ 0.6780, -0.6205, -0.3941]]], device='cuda:0')
0:00:15.221977 - fxfy tensor([[1811.1807, 1811.1808]], device='cuda:0')
0:00:15.225190 - k: tensor([[[ 0.2961,  0.7212, -0.6262, -0.0100],
         [ 0.6728,  0.3079,  0.6728,  0.0062],
         [ 0.6780, -0.6205, -0.3941,  0.1920],
         [ 0.0000,  0.0000,  0.0000,  1.0000]]], device='cuda:0')
0:00:15.226156 - k: tensor([[[-0.7893,  0.4511,  0.4165, -0.0106],
         [-0.5688, -0.7927, -0.2192,  0.0066],
         [ 0.2313, -0.4099,  0.8823,  0.1920],
         [ 0.0000,  0.0000,  0.0000,  1.0000]]], device='cuda:0')
0:00:15.227085 - k: tensor([[[-0.7893,  0.4511,  0.4165, -0.0100],
         [-0.5688, -0.7927, -0.2192,  0.0062],
         [ 0.2313, -0.4099,  0.8823,  0.0042],
         [ 0.0000,  0.0000,  0.0000,  1.0000]]], device='cuda:0')
0:00:15.227722 - k: tensor([0.0027], device='cuda:0')
0:00:15.228334 - k: tensor([0.0003], device='cuda:0')
0:00:15.228921 - k: tensor([0.0626], device='cuda:0')
100%|█████████████████████████████████████████████| 1/1 [00:00<00:00,  2.03it/s]
0:00:14.627028 - bracket_assembly_nut_noaug_coarse--479260
0:00:14.627225 - {'grad_norm': 0.9915765523910522, 'grad_norm_std': inf, 'learning_rate': 4.166666666666667e-11, 'time_forward': 2.310967445373535, 'time_backward': 0.6213464736938477, 'time_data': nan, 'gpu_memory': 2299.4736328125, 'time': 1683269771.877496, 'n_iterations': 1, 'n_datas': 8, 'train_loss_TCO-iter=1': 0.04742132127285004, 'train_loss_TCO': 0.04742132127285004, 'train_loss_total': 0.04742132127285004, 'train_grad_norm': 0.9915765523910522, 'val_loss_TCO-iter=1': 0.06560629606246948, 'val_loss_TCO': 0.06560629606246948, 'val_loss_total': 0.06560629606246948, 'epoch': 0}
0:00:14.627345 - {}
  0%|                                                     | 0/1 [00:00<?, ?it/s]0:00:14.635263 - TCO_init tensor([[[ 1.0000,  0.0000,  0.0000, -0.0166],
         [ 0.0000,  1.0000,  0.0000,  0.0103],
         [ 0.0000,  0.0000,  1.0000,  0.3000],
         [ 0.0000,  0.0000,  0.0000,  1.0000]]], device='cuda:0')
0:00:15.164481 - iteration 0
0:00:15.470657 - vxvyvz tensor([[-0.0158,  0.0528,  0.1929]], device='cuda:0',
       grad_fn=<SliceBackward0>)
0:00:15.471805 - TCO_gt tensor([[[-0.7893,  0.4511,  0.4165, -0.0100],
         [-0.5688, -0.7927, -0.2192,  0.0062],
         [ 0.2313, -0.4099,  0.8823,  0.1920],
         [ 0.0000,  0.0000,  0.0000,  1.0000]]], device='cuda:0')
0:00:15.472780 - dR tensor([[[ 0.1065,  0.5328, -0.8395],
         [ 0.8238,  0.4256,  0.3746],
         [ 0.5569, -0.7314, -0.3936]]], device='cuda:0',
       grad_fn=<StackBackward0>)
0:00:15.473609 - fxfy tensor([[1811.1807, 1811.1808]], device='cuda:0')
0:00:15.476682 - k: tensor([[[ 0.1065,  0.5328, -0.8395, -0.0100],
         [ 0.8238,  0.4256,  0.3746,  0.0062],
         [ 0.5569, -0.7314, -0.3936,  0.1920],
         [ 0.0000,  0.0000,  0.0000,  1.0000]]], device='cuda:0',
       grad_fn=<CopySlices>)
0:00:15.477564 - k: tensor([[[-0.7893,  0.4511,  0.4165, -0.0106],
         [-0.5688, -0.7927, -0.2192,  0.0066],
         [ 0.2313, -0.4099,  0.8823,  0.1920],
         [ 0.0000,  0.0000,  0.0000,  1.0000]]], device='cuda:0',
       grad_fn=<CopySlices>)
0:00:15.478462 - k: tensor([[[-0.7893,  0.4511,  0.4165, -0.0100],
         [-0.5688, -0.7927, -0.2192,  0.0062],
         [ 0.2313, -0.4099,  0.8823,  0.0579],
         [ 0.0000,  0.0000,  0.0000,  1.0000]]], device='cuda:0',
       grad_fn=<CopySlices>)
0:00:15.479107 - k: tensor([0.0026], device='cuda:0', grad_fn=<MinBackward0>)
0:00:15.479738 - k: tensor([0.0003], device='cuda:0', grad_fn=<MinBackward0>)
0:00:15.480350 - k: tensor([0.0447], device='cuda:0', grad_fn=<MinBackward0>)
100%|████████████████████████████████| 1/1 [00:00<00:00,  4.47it/s, loss=0.0477]
0:00:15.035707 - bracket_assembly_nut_noaug_coarse--479260
0:00:15.035954 - {'grad_norm': 1.0177627801895142, 'grad_norm_std': inf, 'learning_rate': 6.25e-11, 'time_forward': 0.14029908180236816, 'time_backward': 0.07913374900817871, 'time_data': nan, 'gpu_memory': 2299.4736328125, 'time': 1683269772.206888, 'n_iterations': 2, 'n_datas': 16, 'train_loss_TCO-iter=1': 0.04766087979078293, 'train_loss_TCO': 0.04766087979078293, 'train_loss_total': 0.04766087979078293, 'train_grad_norm': 1.0177627801895142, 'epoch': 1}
0:00:15.036099 - None
  0%|                                                     | 0/1 [00:00<?, ?it/s]0:00:15.119390 - TCO_init tensor([[[ 1.0000,  0.0000,  0.0000, -0.0166],
         [ 0.0000,  1.0000,  0.0000,  0.0103],
         [ 0.0000,  0.0000,  1.0000,  0.3000],
         [ 0.0000,  0.0000,  0.0000,  1.0000]]], device='cuda:0')
0:00:15.650702 - iteration 0
0:00:15.977902 - vxvyvz tensor([[-0.0171,  0.0475,  0.1920]], device='cuda:0',
       grad_fn=<SliceBackward0>)
0:00:15.978992 - TCO_gt tensor([[[-0.7893,  0.4511,  0.4165, -0.0100],
         [-0.5688, -0.7927, -0.2192,  0.0062],
         [ 0.2313, -0.4099,  0.8823,  0.1920],
         [ 0.0000,  0.0000,  0.0000,  1.0000]]], device='cuda:0')
0:00:15.979991 - dR tensor([[[ 0.0886,  0.5487, -0.8313],
         [ 0.8382,  0.4097,  0.3598],
         [ 0.5381, -0.7287, -0.4236]]], device='cuda:0',
       grad_fn=<StackBackward0>)
0:00:15.980837 - fxfy tensor([[1811.1807, 1811.1808]], device='cuda:0')
0:00:15.983868 - k: tensor([[[ 0.0886,  0.5487, -0.8313, -0.0100],
         [ 0.8382,  0.4097,  0.3598,  0.0062],
         [ 0.5381, -0.7287, -0.4236,  0.1920],
         [ 0.0000,  0.0000,  0.0000,  1.0000]]], device='cuda:0',
       grad_fn=<CopySlices>)
0:00:15.984785 - k: tensor([[[-0.7893,  0.4511,  0.4165, -0.0106],
         [-0.5688, -0.7927, -0.2192,  0.0066],
         [ 0.2313, -0.4099,  0.8823,  0.1920],
         [ 0.0000,  0.0000,  0.0000,  1.0000]]], device='cuda:0',
       grad_fn=<CopySlices>)
0:00:15.985710 - k: tensor([[[-0.7893,  0.4511,  0.4165, -0.0100],
         [-0.5688, -0.7927, -0.2192,  0.0062],
         [ 0.2313, -0.4099,  0.8823,  0.0576],
         [ 0.0000,  0.0000,  0.0000,  1.0000]]], device='cuda:0',
       grad_fn=<CopySlices>)
0:00:15.986328 - k: tensor([0.0025], device='cuda:0', grad_fn=<MinBackward0>)
0:00:15.986972 - k: tensor([0.0003], device='cuda:0', grad_fn=<MinBackward0>)
0:00:15.987585 - k: tensor([0.0448], device='cuda:0', grad_fn=<MinBackward0>)
100%|████████████████████████████████| 1/1 [00:00<00:00,  3.12it/s, loss=0.0477]
0:00:15.541600 - bracket_assembly_nut_noaug_coarse--479260
0:00:15.541839 - {'grad_norm': 1.0232936143875122, 'grad_norm_std': inf, 'learning_rate': 8.333333333333334e-11, 'time_forward': 0.16355133056640625, 'time_backward': 0.07769489288330078, 'time_data': nan, 'gpu_memory': 2299.4736328125, 'time': 1683269772.7125976, 'n_iterations': 3, 'n_datas': 24, 'train_loss_TCO-iter=1': 0.04766948148608208, 'train_loss_TCO': 0.04766948148608208, 'train_loss_total': 0.04766948148608208, 'train_grad_norm': 1.0232936143875122, 'epoch': 2}
0:00:15.541976 - None
  0%|                                                     | 0/1 [00:00<?, ?it/s]0:00:15.643035 - TCO_init tensor([[[ 1.0000,  0.0000,  0.0000, -0.0166],
         [ 0.0000,  1.0000,  0.0000,  0.0103],
         [ 0.0000,  0.0000,  1.0000,  0.3000],
         [ 0.0000,  0.0000,  0.0000,  1.0000]]], device='cuda:0')
0:00:16.174321 - iteration 0
0:00:16.471210 - vxvyvz tensor([[-0.0219,  0.0409,  0.1960]], device='cuda:0',
       grad_fn=<SliceBackward0>)
0:00:16.472316 - TCO_gt tensor([[[-0.7893,  0.4511,  0.4165, -0.0100],
         [-0.5688, -0.7927, -0.2192,  0.0062],
         [ 0.2313, -0.4099,  0.8823,  0.1920],
         [ 0.0000,  0.0000,  0.0000,  1.0000]]], device='cuda:0')
0:00:16.473279 - dR tensor([[[ 0.0932,  0.4964, -0.8631],
         [ 0.8383,  0.4285,  0.3370],
         [ 0.5371, -0.7550, -0.3762]]], device='cuda:0',
       grad_fn=<StackBackward0>)
0:00:16.474105 - fxfy tensor([[1811.1807, 1811.1808]], device='cuda:0')
0:00:16.477161 - k: tensor([[[ 0.0932,  0.4964, -0.8631, -0.0100],
         [ 0.8383,  0.4285,  0.3370,  0.0062],
         [ 0.5371, -0.7550, -0.3762,  0.1920],
         [ 0.0000,  0.0000,  0.0000,  1.0000]]], device='cuda:0',
       grad_fn=<CopySlices>)
0:00:16.478039 - k: tensor([[[-0.7893,  0.4511,  0.4165, -0.0106],
         [-0.5688, -0.7927, -0.2192,  0.0066],
         [ 0.2313, -0.4099,  0.8823,  0.1920],
         [ 0.0000,  0.0000,  0.0000,  1.0000]]], device='cuda:0',
       grad_fn=<CopySlices>)
0:00:16.478949 - k: tensor([[[-0.7893,  0.4511,  0.4165, -0.0100],
         [-0.5688, -0.7927, -0.2192,  0.0062],
         [ 0.2313, -0.4099,  0.8823,  0.0588],
         [ 0.0000,  0.0000,  0.0000,  1.0000]]], device='cuda:0',
       grad_fn=<CopySlices>)
0:00:16.479569 - k: tensor([0.0027], device='cuda:0', grad_fn=<MinBackward0>)
0:00:16.480206 - k: tensor([0.0003], device='cuda:0', grad_fn=<MinBackward0>)
0:00:16.480803 - k: tensor([0.0444], device='cuda:0', grad_fn=<MinBackward0>)
100%|████████████████████████████████| 1/1 [00:00<00:00,  3.24it/s, loss=0.0474]
0:00:16.044294 - bracket_assembly_nut_noaug_coarse--479260
0:00:16.044544 - {'grad_norm': 1.1826648712158203, 'grad_norm_std': inf, 'learning_rate': 1.0416666666666667e-10, 'time_forward': 0.13298535346984863, 'time_backward': 0.07877850532531738, 'time_data': nan, 'gpu_memory': 2299.4736328125, 'time': 1683269773.2069452, 'n_iterations': 4, 'n_datas': 32, 'train_loss_TCO-iter=1': 0.047433726489543915, 'train_loss_TCO': 0.047433726489543915, 'train_loss_total': 0.047433726489543915, 'train_grad_norm': 1.1826648712158203, 'epoch': 3}
0:00:16.044669 - None
0:00:17.940528 - TCO_gt tensor([[[-0.7893,  0.4511,  0.4165, -0.0100],<?, ?it/s]0:00:16.147225 - TCO_init tensor([[[ 1.0000,  0.0000,  0.0000, -0.0166],
         [ 0.0000,  1.0000,  0.0000,  0.0103],
         [ 0.0000,  0.0000,  1.0000,  0.3000],
         [ 0.0000,  0.0000,  0.0000,  1.0000]]], device='cuda:0')
0:00:16.678511 - iteration 0
0:00:16.974976 - vxvyvz tensor([[-0.0185,  0.0513,  0.1981]], device='cuda:0',
       grad_fn=<SliceBackward0>)
0:00:16.976093 - TCO_gt tensor([[[-0.7893,  0.4511,  0.4165, -0.0100],
         [-0.5688, -0.7927, -0.2192,  0.0062],
         [ 0.2313, -0.4099,  0.8823,  0.1920],
         [ 0.0000,  0.0000,  0.0000,  1.0000]]], device='cuda:0')
0:00:16.977057 - dR tensor([[[ 0.1005,  0.5129, -0.8526],
         [ 0.8413,  0.4137,  0.3480],
         [ 0.5312, -0.7522, -0.3899]]], device='cuda:0',
       grad_fn=<StackBackward0>)
0:00:16.977896 - fxfy tensor([[1811.1807, 1811.1808]], device='cuda:0')
0:00:16.981045 - k: tensor([[[ 0.1005,  0.5129, -0.8526, -0.0100],
         [ 0.8413,  0.4137,  0.3480,  0.0062],
         [ 0.5312, -0.7522, -0.3899,  0.1920],
         [ 0.0000,  0.0000,  0.0000,  1.0000]]], device='cuda:0',
       grad_fn=<CopySlices>)
0:00:16.982033 - k: tensor([[[-0.7893,  0.4511,  0.4165, -0.0106],
         [-0.5688, -0.7927, -0.2192,  0.0066],
         [ 0.2313, -0.4099,  0.8823,  0.1920],
         [ 0.0000,  0.0000,  0.0000,  1.0000]]], device='cuda:0',
       grad_fn=<CopySlices>)
0:00:16.982958 - k: tensor([[[-0.7893,  0.4511,  0.4165, -0.0100],
         [-0.5688, -0.7927, -0.2192,  0.0062],
         [ 0.2313, -0.4099,  0.8823,  0.0594],
         [ 0.0000,  0.0000,  0.0000,  1.0000]]], device='cuda:0',
       grad_fn=<CopySlices>)
0:00:16.983582 - k: tensor([0.0026], device='cuda:0', grad_fn=<MinBackward0>)
0:00:16.984297 - k: tensor([0.0003], device='cuda:0', grad_fn=<MinBackward0>)
0:00:16.984960 - k: tensor([0.0442], device='cuda:0', grad_fn=<MinBackward0>)
100%|████████████████████████████████| 1/1 [00:00<00:00,  3.22it/s, loss=0.0471]
0:00:16.537781 - bracket_assembly_nut_noaug_coarse--479260
0:00:16.538004 - {'grad_norm': 1.0485366582870483, 'grad_norm_std': inf, 'learning_rate': 1.25e-10, 'time_forward': 0.1330583095550537, 'time_backward': 0.07857537269592285, 'time_data': nan, 'gpu_memory': 2299.4736328125, 'time': 1683269773.7108948, 'n_iterations': 5, 'n_datas': 40, 'train_loss_TCO-iter=1': 0.04714112728834152, 'train_loss_TCO': 0.04714112728834152, 'train_loss_total': 0.04714112728834152, 'train_grad_norm': 1.0485366582870483, 'epoch': 4}
0:00:16.538116 - None
  0%|                                                     | 0/1 [00:00<?, ?it/s]0:00:16.628956 - TCO_init tensor([[[ 1.0000,  0.0000,  0.0000, -0.0166],
         [ 0.0000,  1.0000,  0.0000,  0.0103],
         [ 0.0000,  0.0000,  1.0000,  0.3000],
         [ 0.0000,  0.0000,  0.0000,  1.0000]]], device='cuda:0')
0:00:17.160264 - iteration 0
0:00:17.458198 - vxvyvz tensor([[-0.0131,  0.0505,  0.1910]], device='cuda:0',
       grad_fn=<SliceBackward0>)
0:00:17.459322 - TCO_gt tensor([[[-0.7893,  0.4511,  0.4165, -0.0100],
         [-0.5688, -0.7927, -0.2192,  0.0062],
         [ 0.2313, -0.4099,  0.8823,  0.1920],
         [ 0.0000,  0.0000,  0.0000,  1.0000]]], device='cuda:0')
0:00:17.460357 - dR tensor([[[ 0.1087,  0.5135, -0.8512],
         [ 0.8691,  0.3666,  0.3322],
         [ 0.4826, -0.7758, -0.4064]]], device='cuda:0',
       grad_fn=<StackBackward0>)
0:00:17.461217 - fxfy tensor([[1811.1807, 1811.1808]], device='cuda:0')
0:00:17.464439 - k: tensor([[[ 0.1087,  0.5135, -0.8512, -0.0100],
         [ 0.8691,  0.3666,  0.3322,  0.0062],
         [ 0.4826, -0.7758, -0.4064,  0.1920],
         [ 0.0000,  0.0000,  0.0000,  1.0000]]], device='cuda:0',
       grad_fn=<CopySlices>)
0:00:17.465445 - k: tensor([[[-0.7893,  0.4511,  0.4165, -0.0106],
         [-0.5688, -0.7927, -0.2192,  0.0066],
         [ 0.2313, -0.4099,  0.8823,  0.1920],
         [ 0.0000,  0.0000,  0.0000,  1.0000]]], device='cuda:0',
       grad_fn=<CopySlices>)
0:00:17.466346 - k: tensor([[[-0.7893,  0.4511,  0.4165, -0.0100],
         [-0.5688, -0.7927, -0.2192,  0.0062],
         [ 0.2313, -0.4099,  0.8823,  0.0573],
         [ 0.0000,  0.0000,  0.0000,  1.0000]]], device='cuda:0',
       grad_fn=<CopySlices>)
0:00:17.466999 - k: tensor([0.0025], device='cuda:0', grad_fn=<MinBackward0>)
0:00:17.467622 - k: tensor([0.0003], device='cuda:0', grad_fn=<MinBackward0>)
0:00:17.468337 - k: tensor([0.0449], device='cuda:0', grad_fn=<MinBackward0>)
100%|████████████████████████████████| 1/1 [00:00<00:00,  3.34it/s, loss=0.0478]
0:00:17.035267 - bracket_assembly_nut_noaug_coarse--479260
0:00:17.035522 - {'grad_norm': 1.078023076057434, 'grad_norm_std': inf, 'learning_rate': 1.4583333333333335e-10, 'time_forward': 0.13486886024475098, 'time_backward': 0.0775594711303711, 'time_data': nan, 'gpu_memory': 2299.4736328125, 'time': 1683269774.193222, 'n_iterations': 6, 'n_datas': 48, 'train_loss_TCO-iter=1': 0.04777728021144867, 'train_loss_TCO': 0.04777728021144867, 'train_loss_total': 0.04777728021144867, 'train_grad_norm': 1.078023076057434, 'epoch': 5}
0:00:17.035649 - None
  0%|                                                     | 0/1 [00:00<?, ?it/s]0:00:17.111113 - TCO_init tensor([[[ 1.0000,  0.0000,  0.0000, -0.0166],
         [ 0.0000,  1.0000,  0.0000,  0.0103],
         [ 0.0000,  0.0000,  1.0000,  0.3000],
         [ 0.0000,  0.0000,  0.0000,  1.0000]]], device='cuda:0')
0:00:17.642355 - iteration 0
0:00:17.939420 - vxvyvz tensor([[-0.0188,  0.0548,  0.1885]], device='cuda:0',
       grad_fn=<SliceBackward0>)
0:00:17.940528 - TCO_gt tensor([[[-0.7893,  0.4511,  0.4165, -0.0100],<?, ?it/s]0:00:16.147225 - TCO_init tensor([[[ 1.0000,  0.0000,  0.0000, -0.0166],
         [-0.5688, -0.7927, -0.2192,  0.0062],
         [ 0.2313, -0.4099,  0.8823,  0.1920],
         [ 0.0000,  0.0000,  0.0000,  1.0000]]], device='cuda:0')
0:00:17.941514 - dR tensor([[[ 0.0979,  0.5663, -0.8183],
         [ 0.8172,  0.4236,  0.3909],
         [ 0.5680, -0.7070, -0.4213]]], device='cuda:0',
       grad_fn=<StackBackward0>)
0:00:17.942356 - fxfy tensor([[1811.1807, 1811.1808]], device='cuda:0')
0:00:17.945650 - k: tensor([[[ 0.0979,  0.5663, -0.8183, -0.0100],
         [ 0.8172,  0.4236,  0.3909,  0.0062],
         [ 0.5680, -0.7070, -0.4213,  0.1920],
         [ 0.0000,  0.0000,  0.0000,  1.0000]]], device='cuda:0',
       grad_fn=<CopySlices>)
0:00:17.946649 - k: tensor([[[-0.7893,  0.4511,  0.4165, -0.0106],
         [-0.5688, -0.7927, -0.2192,  0.0066],
         [ 0.2313, -0.4099,  0.8823,  0.1920],
         [ 0.0000,  0.0000,  0.0000,  1.0000]]], device='cuda:0',
       grad_fn=<CopySlices>)
0:00:17.947648 - k: tensor([[[-0.7893,  0.4511,  0.4165, -0.0100],
         [-0.5688, -0.7927, -0.2192,  0.0062],
         [ 0.2313, -0.4099,  0.8823,  0.0566],
         [ 0.0000,  0.0000,  0.0000,  1.0000]]], device='cuda:0',
       grad_fn=<CopySlices>)
0:00:17.948311 - k: tensor([0.0026], device='cuda:0', grad_fn=<MinBackward0>)
0:00:17.948919 - k: tensor([0.0003], device='cuda:0', grad_fn=<MinBackward0>)
0:00:17.949525 - k: tensor([0.0451], device='cuda:0', grad_fn=<MinBackward0>)
100%|████████████████████████████████| 1/1 [00:00<00:00,  3.52it/s, loss=0.0481]
0:00:17.508779 - bracket_assembly_nut_noaug_coarse--479260
0:00:17.509029 - {'grad_norm': 1.0568135976791382, 'grad_norm_std': inf, 'learning_rate': 1.6666666666666669e-10, 'time_forward': 0.1337296962738037, 'time_backward': 0.07834458351135254, 'time_data': nan, 'gpu_memory': 2299.4736328125, 'time': 1683269774.675223, 'n_iterations': 7, 'n_datas': 56, 'train_loss_TCO-iter=1': 0.048068467527627945, 'train_loss_TCO': 0.048068467527627945, 'train_loss_total': 0.048068467527627945, 'train_grad_norm': 1.0568135976791382, 'epoch': 6}
0:00:17.509152 - None
  0%|                                                     | 0/1 [00:00<?, ?it/s]0:00:17.586039 - TCO_init tensor([[[ 1.0000,  0.0000,  0.0000, -0.0166],
         [ 0.0000,  1.0000,  0.0000,  0.0103],
         [ 0.0000,  0.0000,  1.0000,  0.3000],
         [ 0.0000,  0.0000,  0.0000,  1.0000]]], device='cuda:0')
0:00:18.117349 - iteration 0
0:00:18.403303 - vxvyvz tensor([[-0.0158,  0.0530,  0.1916]], device='cuda:0',
       grad_fn=<SliceBackward0>)
0:00:18.404385 - TCO_gt tensor([[[-0.7893,  0.4511,  0.4165, -0.0100],
         [-0.5688, -0.7927, -0.2192,  0.0062],
         [ 0.2313, -0.4099,  0.8823,  0.1920],
         [ 0.0000,  0.0000,  0.0000,  1.0000]]], device='cuda:0')
0:00:18.405381 - dR tensor([[[ 0.1139,  0.4827, -0.8683],
         [ 0.8467,  0.4100,  0.3391],
         [ 0.5197, -0.7739, -0.3620]]], device='cuda:0',
       grad_fn=<StackBackward0>)
0:00:18.406271 - fxfy tensor([[1811.1807, 1811.1808]], device='cuda:0')
0:00:18.409554 - k: tensor([[[ 0.1139,  0.4827, -0.8683, -0.0100],
         [ 0.8467,  0.4100,  0.3391,  0.0062],
         [ 0.5197, -0.7739, -0.3620,  0.1920],
         [ 0.0000,  0.0000,  0.0000,  1.0000]]], device='cuda:0',
       grad_fn=<CopySlices>)
0:00:18.410561 - k: tensor([[[-0.7893,  0.4511,  0.4165, -0.0106],
         [-0.5688, -0.7927, -0.2192,  0.0066],
         [ 0.2313, -0.4099,  0.8823,  0.1920],
         [ 0.0000,  0.0000,  0.0000,  1.0000]]], device='cuda:0',
       grad_fn=<CopySlices>)
0:00:18.411513 - k: tensor([[[-0.7893,  0.4511,  0.4165, -0.0100],
         [-0.5688, -0.7927, -0.2192,  0.0062],
         [ 0.2313, -0.4099,  0.8823,  0.0575],
         [ 0.0000,  0.0000,  0.0000,  1.0000]]], device='cuda:0',
       grad_fn=<CopySlices>)
0:00:18.412178 - k: tensor([0.0028], device='cuda:0', grad_fn=<MinBackward0>)
0:00:18.412787 - k: tensor([0.0003], device='cuda:0', grad_fn=<MinBackward0>)
0:00:18.413391 - k: tensor([0.0448], device='cuda:0', grad_fn=<MinBackward0>)
100%|████████████████████████████████| 1/1 [00:00<00:00,  3.64it/s, loss=0.0479]
0:00:18.010282 - bracket_assembly_nut_noaug_coarse--479260
0:00:18.010543 - {'grad_norm': 1.0723159313201904, 'grad_norm_std': inf, 'learning_rate': 1.8750000000000002e-10, 'time_forward': 0.1226961612701416, 'time_backward': 0.07871389389038086, 'time_data': nan, 'gpu_memory': 2299.4736328125, 'time': 1683269775.1392732, 'n_iterations': 8, 'n_datas': 64, 'train_loss_TCO-iter=1': 0.047928936779499054, 'train_loss_TCO': 0.047928936779499054, 'train_loss_total': 0.047928936779499054, 'train_grad_norm': 1.0723159313201904, 'epoch': 7}
0:00:18.010669 - None
  0%|                                                     | 0/1 [00:00<?, ?it/s]0:00:18.018387 - TCO_init tensor([[[ 1.0000,  0.0000,  0.0000, -0.0166],
         [ 0.0000,  1.0000,  0.0000,  0.0103],
         [ 0.0000,  0.0000,  1.0000,  0.3000],
         [ 0.0000,  0.0000,  0.0000,  1.0000]]], device='cuda:0')
0:00:18.549623 - iteration 0
0:00:18.836166 - vxvyvz tensor([[-0.0124,  0.0452,  0.1973]], device='cuda:0',
       grad_fn=<SliceBackward0>)
0:00:18.837227 - TCO_gt tensor([[[-0.7893,  0.4511,  0.4165, -0.0100],
         [-0.5688, -0.7927, -0.2192,  0.0062],
         [ 0.2313, -0.4099,  0.8823,  0.1920],
         [ 0.0000,  0.0000,  0.0000,  1.0000]]], device='cuda:0')
0:00:18.838215 - dR tensor([[[ 0.1270,  0.5868, -0.7997],
         [ 0.8343,  0.3729,  0.4061],
         [ 0.5366, -0.7187, -0.4422]]], device='cuda:0',
       grad_fn=<StackBackward0>)
0:00:18.839097 - fxfy tensor([[1811.1807, 1811.1808]], device='cuda:0')
0:00:18.842344 - k: tensor([[[ 0.1270,  0.5868, -0.7997, -0.0100],
         [ 0.8343,  0.3729,  0.4061,  0.0062],
         [ 0.5366, -0.7187, -0.4422,  0.1920],
         [ 0.0000,  0.0000,  0.0000,  1.0000]]], device='cuda:0',
       grad_fn=<CopySlices>)
0:00:18.843377 - k: tensor([[[-0.7893,  0.4511,  0.4165, -0.0106],
         [-0.5688, -0.7927, -0.2192,  0.0066],
         [ 0.2313, -0.4099,  0.8823,  0.1920],
         [ 0.0000,  0.0000,  0.0000,  1.0000]]], device='cuda:0',
       grad_fn=<CopySlices>)
0:00:18.844345 - k: tensor([[[-0.7893,  0.4511,  0.4165, -0.0100],
         [-0.5688, -0.7927, -0.2192,  0.0062],
         [ 0.2313, -0.4099,  0.8823,  0.0592],
         [ 0.0000,  0.0000,  0.0000,  1.0000]]], device='cuda:0',
       grad_fn=<CopySlices>)
0:00:18.844964 - k: tensor([0.0024], device='cuda:0', grad_fn=<MinBackward0>)
0:00:18.845572 - k: tensor([0.0003], device='cuda:0', grad_fn=<MinBackward0>)
0:00:18.846185 - k: tensor([0.0443], device='cuda:0', grad_fn=<MinBackward0>)
100%|████████████████████████████████| 1/1 [00:00<00:00,  4.85it/s, loss=0.0471]
0:00:18.411965 - bracket_assembly_nut_noaug_coarse--479260
0:00:18.412216 - {'grad_norm': 1.1492713689804077, 'grad_norm_std': inf, 'learning_rate': 2.0833333333333334e-10, 'time_forward': 0.12312054634094238, 'time_backward': 0.07939767837524414, 'time_data': nan, 'gpu_memory': 2299.4736328125, 'time': 1683269775.5726902, 'n_iterations': 9, 'n_datas': 72, 'train_loss_TCO-iter=1': 0.04705701768398285, 'train_loss_TCO': 0.04705701768398285, 'train_loss_total': 0.04705701768398285, 'train_grad_norm': 1.1492713689804077, 'epoch': 8}
0:00:18.412343 - None
  0%|                                                     | 0/1 [00:00<?, ?it/s]0:00:18.420212 - TCO_init tensor([[[ 1.0000,  0.0000,  0.0000, -0.0166],
         [ 0.0000,  1.0000,  0.0000,  0.0103],
         [ 0.0000,  0.0000,  1.0000,  0.3000],
         [ 0.0000,  0.0000,  0.0000,  1.0000]]], device='cuda:0')
0:00:18.951293 - iteration 0
0:00:19.239654 - vxvyvz tensor([[-0.0160,  0.0547,  0.1946]], device='cuda:0',
       grad_fn=<SliceBackward0>)
0:00:19.240718 - TCO_gt tensor([[[-0.7893,  0.4511,  0.4165, -0.0100],
         [-0.5688, -0.7927, -0.2192,  0.0062],
         [ 0.2313, -0.4099,  0.8823,  0.1920],
         [ 0.0000,  0.0000,  0.0000,  1.0000]]], device='cuda:0')
0:00:19.241695 - dR tensor([[[ 0.1236,  0.5751, -0.8087],
         [ 0.8451,  0.3661,  0.3895],
         [ 0.5201, -0.7316, -0.4408]]], device='cuda:0',
       grad_fn=<StackBackward0>)
0:00:19.242541 - fxfy tensor([[1811.1807, 1811.1808]], device='cuda:0')
0:00:19.245744 - k: tensor([[[ 0.1236,  0.5751, -0.8087, -0.0100],
         [ 0.8451,  0.3661,  0.3895,  0.0062],
         [ 0.5201, -0.7316, -0.4408,  0.1920],
         [ 0.0000,  0.0000,  0.0000,  1.0000]]], device='cuda:0',
       grad_fn=<CopySlices>)
0:00:19.246783 - k: tensor([[[-0.7893,  0.4511,  0.4165, -0.0106],
         [-0.5688, -0.7927, -0.2192,  0.0066],
         [ 0.2313, -0.4099,  0.8823,  0.1920],
         [ 0.0000,  0.0000,  0.0000,  1.0000]]], device='cuda:0',
       grad_fn=<CopySlices>)
0:00:19.247725 - k: tensor([[[-0.7893,  0.4511,  0.4165, -0.0100],
         [-0.5688, -0.7927, -0.2192,  0.0062],
         [ 0.2313, -0.4099,  0.8823,  0.0584],
         [ 0.0000,  0.0000,  0.0000,  1.0000]]], device='cuda:0',
       grad_fn=<CopySlices>)
0:00:19.248387 - k: tensor([0.0024], device='cuda:0', grad_fn=<MinBackward0>)
0:00:19.249019 - k: tensor([0.0003], device='cuda:0', grad_fn=<MinBackward0>)
0:00:19.249624 - k: tensor([0.0445], device='cuda:0', grad_fn=<MinBackward0>)
100%|████████████████████████████████| 1/1 [00:00<00:00,  4.83it/s, loss=0.0472]
0:00:18.809653 - bracket_assembly_nut_noaug_coarse--479260
0:00:18.809888 - {'grad_norm': 1.002868890762329, 'grad_norm_std': inf, 'learning_rate': 2.2916666666666665e-10, 'time_forward': 0.12476158142089844, 'time_backward': 0.0783233642578125, 'time_data': nan, 'gpu_memory': 2299.4736328125, 'time': 1683269775.9750493, 'n_iterations': 10, 'n_datas': 80, 'train_loss_TCO-iter=1': 0.04724136367440224, 'train_loss_TCO': 0.04724136367440224, 'train_loss_total': 0.04724136367440224, 'train_grad_norm': 1.002868890762329, 'epoch': 9}
0:00:18.810008 - None
  0%|                                                     | 0/1 [00:00<?, ?it/s]0:00:18.817564 - TCO_init tensor([[[ 1.0000,  0.0000,  0.0000, -0.0166],
         [ 0.0000,  1.0000,  0.0000,  0.0103],
         [ 0.0000,  0.0000,  1.0000,  0.3000],
         [ 0.0000,  0.0000,  0.0000,  1.0000]]], device='cuda:0')
0:00:19.348651 - iteration 0
0:00:19.649416 - vxvyvz tensor([[-0.0130,  0.0491,  0.1916]], device='cuda:0',
       grad_fn=<SliceBackward0>)
0:00:19.650443 - TCO_gt tensor([[[-0.7893,  0.4511,  0.4165, -0.0100],
         [-0.5688, -0.7927, -0.2192,  0.0062],
         [ 0.2313, -0.4099,  0.8823,  0.1920],
         [ 0.0000,  0.0000,  0.0000,  1.0000]]], device='cuda:0')
0:00:19.651472 - dR tensor([[[ 0.1018,  0.5400, -0.8355],
         [ 0.8546,  0.3824,  0.3513],
         [ 0.5092, -0.7498, -0.4225]]], device='cuda:0',
       grad_fn=<StackBackward0>)
0:00:19.652366 - fxfy tensor([[1811.1807, 1811.1808]], device='cuda:0')
0:00:19.655488 - k: tensor([[[ 0.1018,  0.5400, -0.8355, -0.0100],
         [ 0.8546,  0.3824,  0.3513,  0.0062],
         [ 0.5092, -0.7498, -0.4225,  0.1920],
         [ 0.0000,  0.0000,  0.0000,  1.0000]]], device='cuda:0',
       grad_fn=<CopySlices>)
0:00:19.656511 - k: tensor([[[-0.7893,  0.4511,  0.4165, -0.0106],
         [-0.5688, -0.7927, -0.2192,  0.0066],
         [ 0.2313, -0.4099,  0.8823,  0.1920],
         [ 0.0000,  0.0000,  0.0000,  1.0000]]], device='cuda:0',
       grad_fn=<CopySlices>)
0:00:19.657406 - k: tensor([[[-0.7893,  0.4511,  0.4165, -0.0100],
         [-0.5688, -0.7927, -0.2192,  0.0062],
         [ 0.2313, -0.4099,  0.8823,  0.0575],
         [ 0.0000,  0.0000,  0.0000,  1.0000]]], device='cuda:0',
       grad_fn=<CopySlices>)
0:00:19.658067 - k: tensor([0.0025], device='cuda:0', grad_fn=<MinBackward0>)
0:00:19.658674 - k: tensor([0.0003], device='cuda:0', grad_fn=<MinBackward0>)
0:00:19.659327 - k: tensor([0.0448], device='cuda:0', grad_fn=<MinBackward0>)
100%|████████████████████████████████| 1/1 [00:00<00:00,  4.61it/s, loss=0.0477]
0:00:19.223296 - bracket_assembly_nut_noaug_coarse--479260
0:00:19.223530 - {'grad_norm': 1.0552409887313843, 'grad_norm_std': inf, 'learning_rate': 2.5e-10, 'time_forward': 0.13708877563476562, 'time_backward': 0.07596254348754883, 'time_data': nan, 'gpu_memory': 2299.4736328125, 'time': 1683269776.3825076, 'n_iterations': 11, 'n_datas': 88, 'train_loss_TCO-iter=1': 0.047663040459156036, 'train_loss_TCO': 0.047663040459156036, 'train_loss_total': 0.047663040459156036, 'train_grad_norm': 1.0552409887313843, 'epoch': 10}
0:00:19.223656 - None
  0%|                                                     | 0/1 [00:00<?, ?it/s]0:00:19.231208 - TCO_init tensor([[[ 1.0000,  0.0000,  0.0000, -0.0166],
         [ 0.0000,  1.0000,  0.0000,  0.0103],
         [ 0.0000,  0.0000,  1.0000,  0.3000],
         [ 0.0000,  0.0000,  0.0000,  1.0000]]], device='cuda:0')
0:00:19.762263 - iteration 0
0:00:20.063318 - vxvyvz tensor([[-0.0208,  0.0529,  0.1913]], device='cuda:0',
       grad_fn=<SliceBackward0>)
0:00:20.064393 - TCO_gt tensor([[[-0.7893,  0.4511,  0.4165, -0.0100],
         [-0.5688, -0.7927, -0.2192,  0.0062],
         [ 0.2313, -0.4099,  0.8823,  0.1920],
         [ 0.0000,  0.0000,  0.0000,  1.0000]]], device='cuda:0')
0:00:20.065372 - dR tensor([[[ 0.1157,  0.5181, -0.8474],
         [ 0.8556,  0.3814,  0.3501],
         [ 0.5046, -0.7655, -0.3992]]], device='cuda:0',
       grad_fn=<StackBackward0>)
0:00:20.066203 - fxfy tensor([[1811.1807, 1811.1808]], device='cuda:0')
0:00:20.069420 - k: tensor([[[ 0.1157,  0.5181, -0.8474, -0.0100],
         [ 0.8556,  0.3814,  0.3501,  0.0062],
         [ 0.5046, -0.7655, -0.3992,  0.1920],
         [ 0.0000,  0.0000,  0.0000,  1.0000]]], device='cuda:0',
       grad_fn=<CopySlices>)
0:00:20.070437 - k: tensor([[[-0.7893,  0.4511,  0.4165, -0.0106],
         [-0.5688, -0.7927, -0.2192,  0.0066],
         [ 0.2313, -0.4099,  0.8823,  0.1920],
         [ 0.0000,  0.0000,  0.0000,  1.0000]]], device='cuda:0',
       grad_fn=<CopySlices>)
0:00:20.071370 - k: tensor([[[-0.7893,  0.4511,  0.4165, -0.0100],
         [-0.5688, -0.7927, -0.2192,  0.0062],
         [ 0.2313, -0.4099,  0.8823,  0.0574],
         [ 0.0000,  0.0000,  0.0000,  1.0000]]], device='cuda:0',
       grad_fn=<CopySlices>)
0:00:20.072033 - k: tensor([0.0026], device='cuda:0', grad_fn=<MinBackward0>)
0:00:20.072658 - k: tensor([0.0003], device='cuda:0', grad_fn=<MinBackward0>)
0:00:20.073278 - k: tensor([0.0449], device='cuda:0', grad_fn=<MinBackward0>)
100%|████████████████████████████████| 1/1 [00:00<00:00,  4.60it/s, loss=0.0478]
0:00:19.640579 - bracket_assembly_nut_noaug_coarse--479260
0:00:19.640819 - {'grad_norm': 1.0751440525054932, 'grad_norm_std': inf, 'learning_rate': 2.7083333333333333e-10, 'time_forward': 0.13734173774719238, 'time_backward': 0.0765836238861084, 'time_data': nan, 'gpu_memory': 2299.4736328125, 'time': 1683269776.7969701, 'n_iterations': 12, 'n_datas': 96, 'train_loss_TCO-iter=1': 0.047766294330358505, 'train_loss_TCO': 0.047766294330358505, 'train_loss_total': 0.047766294330358505, 'train_grad_norm': 1.0751440525054932, 'epoch': 11}
0:00:19.640968 - None
  0%|                                                     | 0/1 [00:00<?, ?it/s]0:00:19.648536 - TCO_init tensor([[[ 1.0000,  0.0000,  0.0000, -0.0166],
         [ 0.0000,  1.0000,  0.0000,  0.0103],
         [ 0.0000,  0.0000,  1.0000,  0.3000],
         [ 0.0000,  0.0000,  0.0000,  1.0000]]], device='cuda:0')
0:00:20.179512 - iteration 0
0:00:20.468132 - vxvyvz tensor([[-0.0185,  0.0513,  0.1981]], device='cuda:0',
       grad_fn=<SliceBackward0>)
0:00:20.469216 - TCO_gt tensor([[[-0.7893,  0.4511,  0.4165, -0.0100],
         [-0.5688, -0.7927, -0.2192,  0.0062],
         [ 0.2313, -0.4099,  0.8823,  0.1920],
         [ 0.0000,  0.0000,  0.0000,  1.0000]]], device='cuda:0')
0:00:20.470200 - dR tensor([[[ 0.1005,  0.5129, -0.8526],
         [ 0.8413,  0.4137,  0.3480],
         [ 0.5312, -0.7522, -0.3899]]], device='cuda:0',
       grad_fn=<StackBackward0>)
0:00:20.471066 - fxfy tensor([[1811.1807, 1811.1808]], device='cuda:0')
0:00:20.474254 - k: tensor([[[ 0.1005,  0.5129, -0.8526, -0.0100],
         [ 0.8413,  0.4137,  0.3480,  0.0062],
         [ 0.5312, -0.7522, -0.3899,  0.1920],
         [ 0.0000,  0.0000,  0.0000,  1.0000]]], device='cuda:0',
       grad_fn=<CopySlices>)
0:00:20.475244 - k: tensor([[[-0.7893,  0.4511,  0.4165, -0.0106],
         [-0.5688, -0.7927, -0.2192,  0.0066],
         [ 0.2313, -0.4099,  0.8823,  0.1920],
         [ 0.0000,  0.0000,  0.0000,  1.0000]]], device='cuda:0',
       grad_fn=<CopySlices>)
0:00:20.476198 - k: tensor([[[-0.7893,  0.4511,  0.4165, -0.0100],
         [-0.5688, -0.7927, -0.2192,  0.0062],
         [ 0.2313, -0.4099,  0.8823,  0.0594],
         [ 0.0000,  0.0000,  0.0000,  1.0000]]], device='cuda:0',
       grad_fn=<CopySlices>)
0:00:20.476813 - k: tensor([0.0026], device='cuda:0', grad_fn=<MinBackward0>)
0:00:20.477419 - k: tensor([0.0003], device='cuda:0', grad_fn=<MinBackward0>)
0:00:20.478032 - k: tensor([0.0442], device='cuda:0', grad_fn=<MinBackward0>)
100%|████████████████████████████████| 1/1 [00:00<00:00,  4.86it/s, loss=0.0472]
0:00:20.040791 - bracket_assembly_nut_noaug_coarse--479260
0:00:20.041031 - {'grad_norm': 1.0497361421585083, 'grad_norm_std': inf, 'learning_rate': 2.916666666666667e-10, 'time_forward': 0.1248009204864502, 'time_backward': 0.07707571983337402, 'time_data': nan, 'gpu_memory': 2299.4736328125, 'time': 1683269777.2022588, 'n_iterations': 13, 'n_datas': 104, 'train_loss_TCO-iter=1': 0.04717129468917847, 'train_loss_TCO': 0.04717129468917847, 'train_loss_total': 0.04717129468917847, 'train_grad_norm': 1.0497361421585083, 'epoch': 12}
0:00:20.041152 - None
  0%|                                                     | 0/1 [00:00<?, ?it/s]0:00:20.048833 - TCO_init tensor([[[ 1.0000,  0.0000,  0.0000, -0.0166],
         [ 0.0000,  1.0000,  0.0000,  0.0103],
         [ 0.0000,  0.0000,  1.0000,  0.3000],
         [ 0.0000,  0.0000,  0.0000,  1.0000]]], device='cuda:0')
0:00:20.579838 - iteration 0
0:00:20.865822 - vxvyvz tensor([[-0.0184,  0.0522,  0.1931]], device='cuda:0',
       grad_fn=<SliceBackward0>)
0:00:20.866905 - TCO_gt tensor([[[-0.7893,  0.4511,  0.4165, -0.0100],
         [-0.5688, -0.7927, -0.2192,  0.0062],
         [ 0.2313, -0.4099,  0.8823,  0.1920],
         [ 0.0000,  0.0000,  0.0000,  1.0000]]], device='cuda:0')
0:00:20.867982 - dR tensor([[[ 0.1479,  0.5164, -0.8435],
         [ 0.8395,  0.3854,  0.3831],
         [ 0.5229, -0.7647, -0.3766]]], device='cuda:0',
       grad_fn=<StackBackward0>)
0:00:20.868840 - fxfy tensor([[1811.1807, 1811.1808]], device='cuda:0')
0:00:20.872016 - k: tensor([[[ 0.1479,  0.5164, -0.8435, -0.0100],
         [ 0.8395,  0.3854,  0.3831,  0.0062],
         [ 0.5229, -0.7647, -0.3766,  0.1920],
         [ 0.0000,  0.0000,  0.0000,  1.0000]]], device='cuda:0',
       grad_fn=<CopySlices>)
0:00:20.873032 - k: tensor([[[-0.7893,  0.4511,  0.4165, -0.0106],
         [-0.5688, -0.7927, -0.2192,  0.0066],
         [ 0.2313, -0.4099,  0.8823,  0.1920],
         [ 0.0000,  0.0000,  0.0000,  1.0000]]], device='cuda:0',
       grad_fn=<CopySlices>)
0:00:20.873960 - k: tensor([[[-0.7893,  0.4511,  0.4165, -0.0100],
         [-0.5688, -0.7927, -0.2192,  0.0062],
         [ 0.2313, -0.4099,  0.8823,  0.0579],
         [ 0.0000,  0.0000,  0.0000,  1.0000]]], device='cuda:0',
       grad_fn=<CopySlices>)
0:00:20.874573 - k: tensor([0.0027], device='cuda:0', grad_fn=<MinBackward0>)
0:00:20.875216 - k: tensor([0.0003], device='cuda:0', grad_fn=<MinBackward0>)
0:00:20.875862 - k: tensor([0.0447], device='cuda:0', grad_fn=<MinBackward0>)
100%|████████████████████████████████| 1/1 [00:00<00:00,  4.94it/s, loss=0.0477]
0:00:20.437341 - bracket_assembly_nut_noaug_coarse--479260
0:00:20.437604 - {'grad_norm': 1.0366345643997192, 'grad_norm_std': inf, 'learning_rate': 3.125e-10, 'time_forward': 0.12245321273803711, 'time_backward': 0.0762627124786377, 'time_data': nan, 'gpu_memory': 2299.4736328125, 'time': 1683269777.5992875, 'n_iterations': 14, 'n_datas': 112, 'train_loss_TCO-iter=1': 0.04768854007124901, 'train_loss_TCO': 0.04768854007124901, 'train_loss_total': 0.04768854007124901, 'train_grad_norm': 1.0366345643997192, 'epoch': 13}
0:00:20.437722 - None
  0%|                                                     | 0/1 [00:00<?, ?it/s]0:00:20.445254 - TCO_init tensor([[[ 1.0000,  0.0000,  0.0000, -0.0166],
         [ 0.0000,  1.0000,  0.0000,  0.0103],
         [ 0.0000,  0.0000,  1.0000,  0.3000],
         [ 0.0000,  0.0000,  0.0000,  1.0000]]], device='cuda:0')
0:00:20.976234 - iteration 0
0:00:21.262414 - vxvyvz tensor([[-0.0222,  0.0495,  0.2019]], device='cuda:0',
       grad_fn=<SliceBackward0>)
0:00:21.263490 - TCO_gt tensor([[[-0.7893,  0.4511,  0.4165, -0.0100],
         [-0.5688, -0.7927, -0.2192,  0.0062],
         [ 0.2313, -0.4099,  0.8823,  0.1920],
         [ 0.0000,  0.0000,  0.0000,  1.0000]]], device='cuda:0')
0:00:21.264513 - dR tensor([[[ 0.0907,  0.5337, -0.8408],
         [ 0.8235,  0.4346,  0.3647],
         [ 0.5601, -0.7254, -0.4001]]], device='cuda:0',
       grad_fn=<StackBackward0>)
0:00:21.265363 - fxfy tensor([[1811.1807, 1811.1808]], device='cuda:0')
0:00:21.268524 - k: tensor([[[ 0.0907,  0.5337, -0.8408, -0.0100],
         [ 0.8235,  0.4346,  0.3647,  0.0062],
         [ 0.5601, -0.7254, -0.4001,  0.1920],
         [ 0.0000,  0.0000,  0.0000,  1.0000]]], device='cuda:0',
       grad_fn=<CopySlices>)
0:00:21.269510 - k: tensor([[[-0.7893,  0.4511,  0.4165, -0.0106],
         [-0.5688, -0.7927, -0.2192,  0.0066],
         [ 0.2313, -0.4099,  0.8823,  0.1920],
         [ 0.0000,  0.0000,  0.0000,  1.0000]]], device='cuda:0',
       grad_fn=<CopySlices>)
0:00:21.270417 - k: tensor([[[-0.7893,  0.4511,  0.4165, -0.0100],
         [-0.5688, -0.7927, -0.2192,  0.0062],
         [ 0.2313, -0.4099,  0.8823,  0.0606],
         [ 0.0000,  0.0000,  0.0000,  1.0000]]], device='cuda:0',
       grad_fn=<CopySlices>)
0:00:21.271071 - k: tensor([0.0026], device='cuda:0', grad_fn=<MinBackward0>)
0:00:21.271712 - k: tensor([0.0003], device='cuda:0', grad_fn=<MinBackward0>)
