{
 "cells": [
  {
   "cell_type": "code",
   "execution_count": 1,
   "metadata": {},
   "outputs": [
    {
     "name": "stdout",
     "output_type": "stream",
     "text": [
      "Setting OMP and MKL num threads to 1.\n"
     ]
    },
    {
     "data": {
      "text/html": [
       "\n",
       "    <div class=\"bk-root\">\n",
       "        <a href=\"https://bokeh.org\" target=\"_blank\" class=\"bk-logo bk-logo-small bk-logo-notebook\"></a>\n",
       "        <span id=\"1001\">Loading BokehJS ...</span>\n",
       "    </div>"
      ]
     },
     "metadata": {},
     "output_type": "display_data"
    },
    {
     "data": {
      "application/javascript": [
       "\n",
       "(function(root) {\n",
       "  function now() {\n",
       "    return new Date();\n",
       "  }\n",
       "\n",
       "  var force = true;\n",
       "\n",
       "  if (typeof root._bokeh_onload_callbacks === \"undefined\" || force === true) {\n",
       "    root._bokeh_onload_callbacks = [];\n",
       "    root._bokeh_is_loading = undefined;\n",
       "  }\n",
       "\n",
       "  var JS_MIME_TYPE = 'application/javascript';\n",
       "  var HTML_MIME_TYPE = 'text/html';\n",
       "  var EXEC_MIME_TYPE = 'application/vnd.bokehjs_exec.v0+json';\n",
       "  var CLASS_NAME = 'output_bokeh rendered_html';\n",
       "\n",
       "  /**\n",
       "   * Render data to the DOM node\n",
       "   */\n",
       "  function render(props, node) {\n",
       "    var script = document.createElement(\"script\");\n",
       "    node.appendChild(script);\n",
       "  }\n",
       "\n",
       "  /**\n",
       "   * Handle when an output is cleared or removed\n",
       "   */\n",
       "  function handleClearOutput(event, handle) {\n",
       "    var cell = handle.cell;\n",
       "\n",
       "    var id = cell.output_area._bokeh_element_id;\n",
       "    var server_id = cell.output_area._bokeh_server_id;\n",
       "    // Clean up Bokeh references\n",
       "    if (id != null && id in Bokeh.index) {\n",
       "      Bokeh.index[id].model.document.clear();\n",
       "      delete Bokeh.index[id];\n",
       "    }\n",
       "\n",
       "    if (server_id !== undefined) {\n",
       "      // Clean up Bokeh references\n",
       "      var cmd = \"from bokeh.io.state import curstate; print(curstate().uuid_to_server['\" + server_id + \"'].get_sessions()[0].document.roots[0]._id)\";\n",
       "      cell.notebook.kernel.execute(cmd, {\n",
       "        iopub: {\n",
       "          output: function(msg) {\n",
       "            var id = msg.content.text.trim();\n",
       "            if (id in Bokeh.index) {\n",
       "              Bokeh.index[id].model.document.clear();\n",
       "              delete Bokeh.index[id];\n",
       "            }\n",
       "          }\n",
       "        }\n",
       "      });\n",
       "      // Destroy server and session\n",
       "      var cmd = \"import bokeh.io.notebook as ion; ion.destroy_server('\" + server_id + \"')\";\n",
       "      cell.notebook.kernel.execute(cmd);\n",
       "    }\n",
       "  }\n",
       "\n",
       "  /**\n",
       "   * Handle when a new output is added\n",
       "   */\n",
       "  function handleAddOutput(event, handle) {\n",
       "    var output_area = handle.output_area;\n",
       "    var output = handle.output;\n",
       "\n",
       "    // limit handleAddOutput to display_data with EXEC_MIME_TYPE content only\n",
       "    if ((output.output_type != \"display_data\") || (!output.data.hasOwnProperty(EXEC_MIME_TYPE))) {\n",
       "      return\n",
       "    }\n",
       "\n",
       "    var toinsert = output_area.element.find(\".\" + CLASS_NAME.split(' ')[0]);\n",
       "\n",
       "    if (output.metadata[EXEC_MIME_TYPE][\"id\"] !== undefined) {\n",
       "      toinsert[toinsert.length - 1].firstChild.textContent = output.data[JS_MIME_TYPE];\n",
       "      // store reference to embed id on output_area\n",
       "      output_area._bokeh_element_id = output.metadata[EXEC_MIME_TYPE][\"id\"];\n",
       "    }\n",
       "    if (output.metadata[EXEC_MIME_TYPE][\"server_id\"] !== undefined) {\n",
       "      var bk_div = document.createElement(\"div\");\n",
       "      bk_div.innerHTML = output.data[HTML_MIME_TYPE];\n",
       "      var script_attrs = bk_div.children[0].attributes;\n",
       "      for (var i = 0; i < script_attrs.length; i++) {\n",
       "        toinsert[toinsert.length - 1].firstChild.setAttribute(script_attrs[i].name, script_attrs[i].value);\n",
       "      }\n",
       "      // store reference to server id on output_area\n",
       "      output_area._bokeh_server_id = output.metadata[EXEC_MIME_TYPE][\"server_id\"];\n",
       "    }\n",
       "  }\n",
       "\n",
       "  function register_renderer(events, OutputArea) {\n",
       "\n",
       "    function append_mime(data, metadata, element) {\n",
       "      // create a DOM node to render to\n",
       "      var toinsert = this.create_output_subarea(\n",
       "        metadata,\n",
       "        CLASS_NAME,\n",
       "        EXEC_MIME_TYPE\n",
       "      );\n",
       "      this.keyboard_manager.register_events(toinsert);\n",
       "      // Render to node\n",
       "      var props = {data: data, metadata: metadata[EXEC_MIME_TYPE]};\n",
       "      render(props, toinsert[toinsert.length - 1]);\n",
       "      element.append(toinsert);\n",
       "      return toinsert\n",
       "    }\n",
       "\n",
       "    /* Handle when an output is cleared or removed */\n",
       "    events.on('clear_output.CodeCell', handleClearOutput);\n",
       "    events.on('delete.Cell', handleClearOutput);\n",
       "\n",
       "    /* Handle when a new output is added */\n",
       "    events.on('output_added.OutputArea', handleAddOutput);\n",
       "\n",
       "    /**\n",
       "     * Register the mime type and append_mime function with output_area\n",
       "     */\n",
       "    OutputArea.prototype.register_mime_type(EXEC_MIME_TYPE, append_mime, {\n",
       "      /* Is output safe? */\n",
       "      safe: true,\n",
       "      /* Index of renderer in `output_area.display_order` */\n",
       "      index: 0\n",
       "    });\n",
       "  }\n",
       "\n",
       "  // register the mime type if in Jupyter Notebook environment and previously unregistered\n",
       "  if (root.Jupyter !== undefined) {\n",
       "    var events = require('base/js/events');\n",
       "    var OutputArea = require('notebook/js/outputarea').OutputArea;\n",
       "\n",
       "    if (OutputArea.prototype.mime_types().indexOf(EXEC_MIME_TYPE) == -1) {\n",
       "      register_renderer(events, OutputArea);\n",
       "    }\n",
       "  }\n",
       "\n",
       "  \n",
       "  if (typeof (root._bokeh_timeout) === \"undefined\" || force === true) {\n",
       "    root._bokeh_timeout = Date.now() + 5000;\n",
       "    root._bokeh_failed_load = false;\n",
       "  }\n",
       "\n",
       "  var NB_LOAD_WARNING = {'data': {'text/html':\n",
       "     \"<div style='background-color: #fdd'>\\n\"+\n",
       "     \"<p>\\n\"+\n",
       "     \"BokehJS does not appear to have successfully loaded. If loading BokehJS from CDN, this \\n\"+\n",
       "     \"may be due to a slow or bad network connection. Possible fixes:\\n\"+\n",
       "     \"</p>\\n\"+\n",
       "     \"<ul>\\n\"+\n",
       "     \"<li>re-rerun `output_notebook()` to attempt to load from CDN again, or</li>\\n\"+\n",
       "     \"<li>use INLINE resources instead, as so:</li>\\n\"+\n",
       "     \"</ul>\\n\"+\n",
       "     \"<code>\\n\"+\n",
       "     \"from bokeh.resources import INLINE\\n\"+\n",
       "     \"output_notebook(resources=INLINE)\\n\"+\n",
       "     \"</code>\\n\"+\n",
       "     \"</div>\"}};\n",
       "\n",
       "  function display_loaded() {\n",
       "    var el = document.getElementById(\"1001\");\n",
       "    if (el != null) {\n",
       "      el.textContent = \"BokehJS is loading...\";\n",
       "    }\n",
       "    if (root.Bokeh !== undefined) {\n",
       "      if (el != null) {\n",
       "        el.textContent = \"BokehJS \" + root.Bokeh.version + \" successfully loaded.\";\n",
       "      }\n",
       "    } else if (Date.now() < root._bokeh_timeout) {\n",
       "      setTimeout(display_loaded, 100)\n",
       "    }\n",
       "  }\n",
       "\n",
       "\n",
       "  function run_callbacks() {\n",
       "    try {\n",
       "      root._bokeh_onload_callbacks.forEach(function(callback) {\n",
       "        if (callback != null)\n",
       "          callback();\n",
       "      });\n",
       "    } finally {\n",
       "      delete root._bokeh_onload_callbacks\n",
       "    }\n",
       "    console.debug(\"Bokeh: all callbacks have finished\");\n",
       "  }\n",
       "\n",
       "  function load_libs(css_urls, js_urls, callback) {\n",
       "    if (css_urls == null) css_urls = [];\n",
       "    if (js_urls == null) js_urls = [];\n",
       "\n",
       "    root._bokeh_onload_callbacks.push(callback);\n",
       "    if (root._bokeh_is_loading > 0) {\n",
       "      console.debug(\"Bokeh: BokehJS is being loaded, scheduling callback at\", now());\n",
       "      return null;\n",
       "    }\n",
       "    if (js_urls == null || js_urls.length === 0) {\n",
       "      run_callbacks();\n",
       "      return null;\n",
       "    }\n",
       "    console.debug(\"Bokeh: BokehJS not loaded, scheduling load and callback at\", now());\n",
       "    root._bokeh_is_loading = css_urls.length + js_urls.length;\n",
       "\n",
       "    function on_load() {\n",
       "      root._bokeh_is_loading--;\n",
       "      if (root._bokeh_is_loading === 0) {\n",
       "        console.debug(\"Bokeh: all BokehJS libraries/stylesheets loaded\");\n",
       "        run_callbacks()\n",
       "      }\n",
       "    }\n",
       "\n",
       "    function on_error() {\n",
       "      console.error(\"failed to load \" + url);\n",
       "    }\n",
       "\n",
       "    for (var i = 0; i < css_urls.length; i++) {\n",
       "      var url = css_urls[i];\n",
       "      const element = document.createElement(\"link\");\n",
       "      element.onload = on_load;\n",
       "      element.onerror = on_error;\n",
       "      element.rel = \"stylesheet\";\n",
       "      element.type = \"text/css\";\n",
       "      element.href = url;\n",
       "      console.debug(\"Bokeh: injecting link tag for BokehJS stylesheet: \", url);\n",
       "      document.body.appendChild(element);\n",
       "    }\n",
       "\n",
       "    for (var i = 0; i < js_urls.length; i++) {\n",
       "      var url = js_urls[i];\n",
       "      var element = document.createElement('script');\n",
       "      element.onload = on_load;\n",
       "      element.onerror = on_error;\n",
       "      element.async = false;\n",
       "      element.src = url;\n",
       "      console.debug(\"Bokeh: injecting script tag for BokehJS library: \", url);\n",
       "      document.head.appendChild(element);\n",
       "    }\n",
       "  };var element = document.getElementById(\"1001\");\n",
       "  if (element == null) {\n",
       "    console.error(\"Bokeh: ERROR: autoload.js configured with elementid '1001' but no matching script tag was found. \")\n",
       "    return false;\n",
       "  }\n",
       "\n",
       "  function inject_raw_css(css) {\n",
       "    const element = document.createElement(\"style\");\n",
       "    element.appendChild(document.createTextNode(css));\n",
       "    document.body.appendChild(element);\n",
       "  }\n",
       "\n",
       "  \n",
       "  var js_urls = [\"https://cdn.pydata.org/bokeh/release/bokeh-1.4.0.min.js\", \"https://cdn.pydata.org/bokeh/release/bokeh-widgets-1.4.0.min.js\", \"https://cdn.pydata.org/bokeh/release/bokeh-tables-1.4.0.min.js\", \"https://cdn.pydata.org/bokeh/release/bokeh-gl-1.4.0.min.js\"];\n",
       "  var css_urls = [];\n",
       "  \n",
       "\n",
       "  var inline_js = [\n",
       "    function(Bokeh) {\n",
       "      Bokeh.set_log_level(\"info\");\n",
       "    },\n",
       "    function(Bokeh) {\n",
       "    \n",
       "    \n",
       "    }\n",
       "  ];\n",
       "\n",
       "  function run_inline_js() {\n",
       "    \n",
       "    if (root.Bokeh !== undefined || force === true) {\n",
       "      \n",
       "    for (var i = 0; i < inline_js.length; i++) {\n",
       "      inline_js[i].call(root, root.Bokeh);\n",
       "    }\n",
       "    if (force === true) {\n",
       "        display_loaded();\n",
       "      }} else if (Date.now() < root._bokeh_timeout) {\n",
       "      setTimeout(run_inline_js, 100);\n",
       "    } else if (!root._bokeh_failed_load) {\n",
       "      console.log(\"Bokeh: BokehJS failed to load within specified timeout.\");\n",
       "      root._bokeh_failed_load = true;\n",
       "    } else if (force !== true) {\n",
       "      var cell = $(document.getElementById(\"1001\")).parents('.cell').data().cell;\n",
       "      cell.output_area.append_execute_result(NB_LOAD_WARNING)\n",
       "    }\n",
       "\n",
       "  }\n",
       "\n",
       "  if (root._bokeh_is_loading === 0) {\n",
       "    console.debug(\"Bokeh: BokehJS loaded, going straight to plotting\");\n",
       "    run_inline_js();\n",
       "  } else {\n",
       "    load_libs(css_urls, js_urls, function() {\n",
       "      console.debug(\"Bokeh: BokehJS plotting callback run at\", now());\n",
       "      run_inline_js();\n",
       "    });\n",
       "  }\n",
       "}(window));"
      ],
      "application/vnd.bokehjs_load.v0+json": "\n(function(root) {\n  function now() {\n    return new Date();\n  }\n\n  var force = true;\n\n  if (typeof root._bokeh_onload_callbacks === \"undefined\" || force === true) {\n    root._bokeh_onload_callbacks = [];\n    root._bokeh_is_loading = undefined;\n  }\n\n  \n\n  \n  if (typeof (root._bokeh_timeout) === \"undefined\" || force === true) {\n    root._bokeh_timeout = Date.now() + 5000;\n    root._bokeh_failed_load = false;\n  }\n\n  var NB_LOAD_WARNING = {'data': {'text/html':\n     \"<div style='background-color: #fdd'>\\n\"+\n     \"<p>\\n\"+\n     \"BokehJS does not appear to have successfully loaded. If loading BokehJS from CDN, this \\n\"+\n     \"may be due to a slow or bad network connection. Possible fixes:\\n\"+\n     \"</p>\\n\"+\n     \"<ul>\\n\"+\n     \"<li>re-rerun `output_notebook()` to attempt to load from CDN again, or</li>\\n\"+\n     \"<li>use INLINE resources instead, as so:</li>\\n\"+\n     \"</ul>\\n\"+\n     \"<code>\\n\"+\n     \"from bokeh.resources import INLINE\\n\"+\n     \"output_notebook(resources=INLINE)\\n\"+\n     \"</code>\\n\"+\n     \"</div>\"}};\n\n  function display_loaded() {\n    var el = document.getElementById(\"1001\");\n    if (el != null) {\n      el.textContent = \"BokehJS is loading...\";\n    }\n    if (root.Bokeh !== undefined) {\n      if (el != null) {\n        el.textContent = \"BokehJS \" + root.Bokeh.version + \" successfully loaded.\";\n      }\n    } else if (Date.now() < root._bokeh_timeout) {\n      setTimeout(display_loaded, 100)\n    }\n  }\n\n\n  function run_callbacks() {\n    try {\n      root._bokeh_onload_callbacks.forEach(function(callback) {\n        if (callback != null)\n          callback();\n      });\n    } finally {\n      delete root._bokeh_onload_callbacks\n    }\n    console.debug(\"Bokeh: all callbacks have finished\");\n  }\n\n  function load_libs(css_urls, js_urls, callback) {\n    if (css_urls == null) css_urls = [];\n    if (js_urls == null) js_urls = [];\n\n    root._bokeh_onload_callbacks.push(callback);\n    if (root._bokeh_is_loading > 0) {\n      console.debug(\"Bokeh: BokehJS is being loaded, scheduling callback at\", now());\n      return null;\n    }\n    if (js_urls == null || js_urls.length === 0) {\n      run_callbacks();\n      return null;\n    }\n    console.debug(\"Bokeh: BokehJS not loaded, scheduling load and callback at\", now());\n    root._bokeh_is_loading = css_urls.length + js_urls.length;\n\n    function on_load() {\n      root._bokeh_is_loading--;\n      if (root._bokeh_is_loading === 0) {\n        console.debug(\"Bokeh: all BokehJS libraries/stylesheets loaded\");\n        run_callbacks()\n      }\n    }\n\n    function on_error() {\n      console.error(\"failed to load \" + url);\n    }\n\n    for (var i = 0; i < css_urls.length; i++) {\n      var url = css_urls[i];\n      const element = document.createElement(\"link\");\n      element.onload = on_load;\n      element.onerror = on_error;\n      element.rel = \"stylesheet\";\n      element.type = \"text/css\";\n      element.href = url;\n      console.debug(\"Bokeh: injecting link tag for BokehJS stylesheet: \", url);\n      document.body.appendChild(element);\n    }\n\n    for (var i = 0; i < js_urls.length; i++) {\n      var url = js_urls[i];\n      var element = document.createElement('script');\n      element.onload = on_load;\n      element.onerror = on_error;\n      element.async = false;\n      element.src = url;\n      console.debug(\"Bokeh: injecting script tag for BokehJS library: \", url);\n      document.head.appendChild(element);\n    }\n  };var element = document.getElementById(\"1001\");\n  if (element == null) {\n    console.error(\"Bokeh: ERROR: autoload.js configured with elementid '1001' but no matching script tag was found. \")\n    return false;\n  }\n\n  function inject_raw_css(css) {\n    const element = document.createElement(\"style\");\n    element.appendChild(document.createTextNode(css));\n    document.body.appendChild(element);\n  }\n\n  \n  var js_urls = [\"https://cdn.pydata.org/bokeh/release/bokeh-1.4.0.min.js\", \"https://cdn.pydata.org/bokeh/release/bokeh-widgets-1.4.0.min.js\", \"https://cdn.pydata.org/bokeh/release/bokeh-tables-1.4.0.min.js\", \"https://cdn.pydata.org/bokeh/release/bokeh-gl-1.4.0.min.js\"];\n  var css_urls = [];\n  \n\n  var inline_js = [\n    function(Bokeh) {\n      Bokeh.set_log_level(\"info\");\n    },\n    function(Bokeh) {\n    \n    \n    }\n  ];\n\n  function run_inline_js() {\n    \n    if (root.Bokeh !== undefined || force === true) {\n      \n    for (var i = 0; i < inline_js.length; i++) {\n      inline_js[i].call(root, root.Bokeh);\n    }\n    if (force === true) {\n        display_loaded();\n      }} else if (Date.now() < root._bokeh_timeout) {\n      setTimeout(run_inline_js, 100);\n    } else if (!root._bokeh_failed_load) {\n      console.log(\"Bokeh: BokehJS failed to load within specified timeout.\");\n      root._bokeh_failed_load = true;\n    } else if (force !== true) {\n      var cell = $(document.getElementById(\"1001\")).parents('.cell').data().cell;\n      cell.output_area.append_execute_result(NB_LOAD_WARNING)\n    }\n\n  }\n\n  if (root._bokeh_is_loading === 0) {\n    console.debug(\"Bokeh: BokehJS loaded, going straight to plotting\");\n    run_inline_js();\n  } else {\n    load_libs(css_urls, js_urls, function() {\n      console.debug(\"Bokeh: BokehJS plotting callback run at\", now());\n      run_inline_js();\n    });\n  }\n}(window));"
     },
     "metadata": {},
     "output_type": "display_data"
    },
    {
     "name": "stdout",
     "output_type": "stream",
     "text": [
      "/home/ubuntu/synthetic_pose_estimation/cosypose/local_data\n"
     ]
    }
   ],
   "source": [
    "%load_ext autoreload\n",
    "%autoreload 2\n",
    "from pathlib import Path\n",
    "import numpy as np\n",
    "import torch\n",
    "import torch.nn.functional as F\n",
    "import matplotlib.pyplot as plt\n",
    "from cosypose.visualization.bokeh_utils import plot_image\n",
    "from bokeh.io import output_notebook, show; output_notebook()\n",
    "from bokeh.layouts import grid, gridplot\n",
    "from cosypose.datasets.datasets_cfg import make_scene_dataset"
   ]
  },
  {
   "cell_type": "code",
   "execution_count": 2,
   "metadata": {},
   "outputs": [
    {
     "name": "stderr",
     "output_type": "stream",
     "text": [
      "0:00:00.030055 - Building index and loading annotations...\n"
     ]
    },
    {
     "name": "stdout",
     "output_type": "stream",
     "text": [
      "[Memory]0.1s, 0.0min    : Loading build_index...\n"
     ]
    }
   ],
   "source": [
    "# ds_name = 'ycbv.train.real'\n",
    "ds_name = 'synthetic.tless-1M.train'\n",
    "ds_name = \"bracket_assembly\"\n",
    "scene_ds = make_scene_dataset(ds_name)"
   ]
  },
  {
   "cell_type": "code",
   "execution_count": 13,
   "metadata": {},
   "outputs": [
    {
     "name": "stdout",
     "output_type": "stream",
     "text": [
      "idx 20\n",
      "torch.Size([540, 720, 3]) torch.Size([540, 720]) torch.uint8 torch.uint8\n",
      "{'objects': [{'label': 'obj_000000', 'name': 'obj_000000', 'TWO': array([[-0.99588007,  0.07700416, -0.04789164, -0.11810842],\n",
      "       [ 0.04993982,  0.02489419, -0.99844217,  0.07891539],\n",
      "       [-0.07569204, -0.99672006, -0.02863714,  0.03211115],\n",
      "       [ 0.        ,  0.        ,  0.        ,  1.        ]]), 'T0O': array([[-0.99588007,  0.07700416, -0.04789164, -0.11810842],\n",
      "       [ 0.04993982,  0.02489419, -0.99844217,  0.07891539],\n",
      "       [-0.07569204, -0.99672006, -0.02863714,  0.03211115],\n",
      "       [ 0.        ,  0.        ,  0.        ,  1.        ]]), 'visib_fract': 0.3476380531082801, 'id_in_segm': 1, 'bbox': [44, 0, 719, 539]}, {'label': 'obj_000004', 'name': 'obj_000004', 'TWO': array([[-0.76424827, -0.61595654,  0.19110896,  0.0022339 ],\n",
      "       [-0.64437051,  0.7415548 , -0.18677104,  0.01961104],\n",
      "       [-0.02667492, -0.26588434, -0.96363595,  0.03832465],\n",
      "       [ 0.        ,  0.        ,  0.        ,  1.        ]]), 'T0O': array([[-0.76424827, -0.61595654,  0.19110896,  0.0022339 ],\n",
      "       [-0.64437051,  0.7415548 , -0.18677104,  0.01961104],\n",
      "       [-0.02667492, -0.26588434, -0.96363595,  0.03832465],\n",
      "       [ 0.        ,  0.        ,  0.        ,  1.        ]]), 'visib_fract': 1.0, 'id_in_segm': 2, 'bbox': [305, 256, 483, 368]}, {'label': 'obj_000005', 'name': 'obj_000005', 'TWO': array([[-0.68869595,  0.71697542,  0.10790909,  0.01520633],\n",
      "       [-0.67750361, -0.68937417,  0.25642215, -0.01933644],\n",
      "       [ 0.25823811,  0.10348813,  0.96052238,  0.00227919],\n",
      "       [ 0.        ,  0.        ,  0.        ,  1.        ]]), 'T0O': array([[-0.68869595,  0.71697542,  0.10790909,  0.01520633],\n",
      "       [-0.67750361, -0.68937417,  0.25642215, -0.01933644],\n",
      "       [ 0.25823811,  0.10348813,  0.96052238,  0.00227919],\n",
      "       [ 0.        ,  0.        ,  0.        ,  1.        ]]), 'visib_fract': 1.0, 'id_in_segm': 3, 'bbox': [468, 245, 680, 456]}, {'label': 'obj_000006', 'name': 'obj_000006', 'TWO': array([[ 0.73763941, -0.67495104, -0.0181547 ,  0.02072154],\n",
      "       [-0.67493621, -0.73634549, -0.04750491,  0.01430454],\n",
      "       [ 0.01869536,  0.04729482, -0.99870607,  0.02342988],\n",
      "       [ 0.        ,  0.        ,  0.        ,  1.        ]]), 'T0O': array([[ 0.73763941, -0.67495104, -0.0181547 ,  0.02072154],\n",
      "       [-0.67493621, -0.73634549, -0.04750491,  0.01430454],\n",
      "       [ 0.01869536,  0.04729482, -0.99870607,  0.02342988],\n",
      "       [ 0.        ,  0.        ,  0.        ,  1.        ]]), 'visib_fract': 1.0, 'id_in_segm': 4, 'bbox': [286, 230, 577, 528]}, {'label': 'obj_000007', 'name': 'obj_000007', 'TWO': array([[ 0.99575121, -0.05363406, -0.07485452,  0.00574114],\n",
      "       [ 0.04116635,  0.98639621, -0.1591484 ,  0.01253705],\n",
      "       [ 0.08237191,  0.15539059,  0.9844128 , -0.02707689],\n",
      "       [ 0.        ,  0.        ,  0.        ,  1.        ]]), 'T0O': array([[ 0.99575121, -0.05363406, -0.07485452,  0.00574114],\n",
      "       [ 0.04116635,  0.98639621, -0.1591484 ,  0.01253705],\n",
      "       [ 0.08237191,  0.15539059,  0.9844128 , -0.02707689],\n",
      "       [ 0.        ,  0.        ,  0.        ,  1.        ]]), 'visib_fract': 0.17994606886042191, 'id_in_segm': 5, 'bbox': [0, 0, 138, 539]}, {'label': 'obj_000008', 'name': 'obj_000008', 'TWO': array([[-0.99855854,  0.01247396,  0.05220723, -0.00140808],\n",
      "       [-0.02585523, -0.96413043, -0.26416727,  0.03397858],\n",
      "       [ 0.04703933, -0.26513619,  0.96306291, -0.0349568 ],\n",
      "       [ 0.        ,  0.        ,  0.        ,  1.        ]]), 'T0O': array([[-0.99855854,  0.01247396,  0.05220723, -0.00140808],\n",
      "       [-0.02585523, -0.96413043, -0.26416727,  0.03397858],\n",
      "       [ 0.04703933, -0.26513619,  0.96306291, -0.0349568 ],\n",
      "       [ 0.        ,  0.        ,  0.        ,  1.        ]]), 'visib_fract': 0.2047846083459751, 'id_in_segm': 6, 'bbox': [0, 0, 159, 131]}, {'label': 'obj_000009', 'name': 'obj_000009', 'TWO': array([[ 0.99495822,  0.07048248,  0.07134828,  0.02530016],\n",
      "       [-0.04799279,  0.95927422, -0.27837007,  0.01491351],\n",
      "       [-0.08806279,  0.27354227,  0.95782023, -0.0092764 ],\n",
      "       [ 0.        ,  0.        ,  0.        ,  1.        ]]), 'T0O': array([[ 0.99495822,  0.07048248,  0.07134828,  0.02530016],\n",
      "       [-0.04799279,  0.95927422, -0.27837007,  0.01491351],\n",
      "       [-0.08806279,  0.27354227,  0.95782023, -0.0092764 ],\n",
      "       [ 0.        ,  0.        ,  0.        ,  1.        ]]), 'visib_fract': 0.7869909939775678, 'id_in_segm': 7, 'bbox': [0, 296, 354, 539]}], 'camera': {'T0C': array([[-0.0643846 ,  0.98397797, -0.16625938,  0.03862908],\n",
      "       [-0.86900598,  0.02662221,  0.4940851 , -0.09100242],\n",
      "       [ 0.49059501,  0.17629179,  0.85336846, -0.18020219],\n",
      "       [ 0.        ,  0.        ,  0.        ,  1.        ]]), 'K': array([[1.46564417e+03, 0.00000000e+00, 3.59500000e+02],\n",
      "       [0.00000000e+00, 1.46564417e+03, 2.69500000e+02],\n",
      "       [0.00000000e+00, 0.00000000e+00, 1.00000000e+00]]), 'TWC': array([[-0.0643846 ,  0.98397797, -0.16625938,  0.03862908],\n",
      "       [-0.86900598,  0.02662221,  0.4940851 , -0.09100242],\n",
      "       [ 0.49059501,  0.17629179,  0.85336846, -0.18020219],\n",
      "       [ 0.        ,  0.        ,  0.        ,  1.        ]]), 'resolution': torch.Size([540, 720])}, 'frame_info': {'scene_id': 0, 'cam_id': 'cam', 'view_id': 20, 'cam_name': 'cam'}}\n"
     ]
    },
    {
     "data": {
      "text/html": [
       "\n",
       "\n",
       "\n",
       "\n",
       "\n",
       "\n",
       "  <div class=\"bk-root\" id=\"a46f6ce4-a64a-462e-9ccc-af37d323091d\" data-root-id=\"12965\"></div>\n"
      ]
     },
     "metadata": {},
     "output_type": "display_data"
    },
    {
     "data": {
      "application/javascript": [
       "(function(root) {\n",
       "  function embed_document(root) {\n",
       "    \n",
