{
 "cells": [
  {
   "cell_type": "markdown",
   "id": "44ec2a06",
   "metadata": {},
   "source": [
    "TODO:\n",
    "- Reproduce the error for image loading\n",
    "- Assert cam_R_w2c with reprojection"
   ]
  },
  {
   "cell_type": "code",
   "execution_count": 4,
   "id": "507ac673",
   "metadata": {},
   "outputs": [],
   "source": [
    "import os\n",
    "import time\n",
    "import json\n",
    "\n",
    "from collections import OrderedDict\n",
    "import yaml\n",
    "import argparse\n",
    "\n",
    "import torch\n",
    "import numpy as np\n",
    "import pandas as pd\n",
    "import pickle as pkl\n",
    "import logging\n",
    "from cosypose.config import EXP_DIR, MEMORY, RESULTS_DIR, LOCAL_DATA_DIR\n",
    "\n",
    "import cosypose.utils.tensor_collection as tc"
   ]
  },
  {
   "cell_type": "code",
   "execution_count": null,
   "id": "22229326",
   "metadata": {},
   "outputs": [],
   "source": [
    "n_workers = 8\n",
    "n_plotters = 8\n",
    "n_views = 1\n",
    "\n",
    "n_frames = None\n",
    "scene_id = None\n",
    "group_id = None\n",
    "n_groups = None\n",
    "n_views = args.n_views\n",
    "skip_mv = args.n_views < 2\n",
    "skip_predictions = False\n",
    "\n",
    "object_set = 'bracket_assembly'\n",
    "coarse_run_id = f'bracket_assembly_coarse-transnoise-zxyavg-616093'\n",
    "refiner_run_id = 'bracket_assembly_refiner--558735'\n",
    "n_coarse_iterations = 1\n",
    "n_refiner_iterations = 2"
   ]
  },
  {
   "cell_type": "code",
   "execution_count": 5,
   "id": "235b6a8a",
   "metadata": {},
   "outputs": [
    {
     "name": "stdout",
     "output_type": "stream",
     "text": [
      "label_idx 0\n",
      "rot_loc_mat [[-0.99587986  0.07700412 -0.04789164 -0.11810839]\n",
      " [ 0.04993979  0.02489411 -0.99844195  0.07891538]\n",
      " [-0.07569207 -0.99672006 -0.02863722  0.03211115]\n",
      " [ 0.          0.          0.          1.        ]]\n",
      "label_idx 1\n",
      "rot_loc_mat [[-0.76424811 -0.61595642  0.19110889  0.00223391]\n",
      " [-0.64437037  0.74155461 -0.18677107  0.01961104]\n",
      " [-0.02667499 -0.26588431 -0.96363596  0.03832466]\n",
      " [ 0.          0.          0.          1.        ]]\n",
      "label_idx 2\n",
      "rot_loc_mat [[-0.6886958   0.71697526  0.1079091   0.01520633]\n",
      " [-0.67750345 -0.689374    0.25642217 -0.01933644]\n",
      " [ 0.25823804  0.1034881   0.9605224   0.00227919]\n",
      " [ 0.          0.          0.          1.        ]]\n",
      "label_idx 3\n",
      "rot_loc_mat [[ 0.73763925 -0.6749509  -0.01815473  0.02072153]\n",
      " [-0.67493606 -0.73634533 -0.04750498  0.01430454]\n",
      " [ 0.01869533  0.04729474 -0.99870608  0.02342988]\n",
      " [ 0.          0.          0.          1.        ]]\n",
      "label_idx 4\n",
      "rot_loc_mat [[ 0.99575101 -0.05363404 -0.07485447  0.00574114]\n",
      " [ 0.04116635  0.986396   -0.15914829  0.01253705]\n",
      " [ 0.08237195  0.15539066  0.98441279 -0.02707689]\n",
      " [ 0.          0.          0.          1.        ]]\n",
      "label_idx 5\n",
      "rot_loc_mat [[-0.99855833  0.01247394  0.05220725 -0.00140808]\n",
      " [-0.02585523 -0.96413024 -0.26416714  0.03397857]\n",
      " [ 0.04703929 -0.26513627  0.9630629  -0.0349568 ]\n",
      " [ 0.          0.          0.          1.        ]]\n",
      "label_idx 6\n",
      "rot_loc_mat [[ 0.99495801  0.07048248  0.0713483   0.02530016]\n",
      " [-0.04799278  0.95927403 -0.27836993  0.01491351]\n",
      " [-0.08806276  0.27354235  0.95782021 -0.0092764 ]\n",
      " [ 0.          0.          0.          1.        ]]\n"
     ]
    }
   ],
   "source": [
    "def load_custom_detection_from_gt():\n",
    "    path_data_dir = LOCAL_DATA_DIR / 'bop_datasets' / 'bracket_assembly'\n",
    "    path_scene_dir = os.path.join(path_data_dir, \"train_pbr\")\n",
    "    scene_names = os.listdir(path_scene_dir)\n",
    "    infos, poses, bboxes = [], [], []\n",
    "    # debug_only = 0\n",
    "    for scene_id, scene_name in enumerate(scene_names):\n",
    "        path_scene_gt_info = os.path.join(path_scene_dir, scene_name, \"scene_gt_info.json\")\n",
    "        path_scene_gt = os.path.join(path_scene_dir, scene_name, \"scene_gt.json\")\n",
    "        path_scene_gt_camera = os.path.join(path_scene_dir, scene_name, \"scene_camera.json\")\n",
    "        with open(path_scene_gt_info, \"r\") as f:\n",
    "            json_data_gt_info = json.load(f)\n",
    "        with open(path_scene_gt, \"r\") as f:\n",
    "            json_data_gt = json.load(f)\n",
    "        with open(path_scene_gt_camera, \"r\") as f:\n",
    "            json_gt_camera = json.load(f)\n",
    "        img_names_rgb = os.listdir(os.path.join(path_scene_dir, scene_name, \"rgb\"))\n",
    "        # todo\n",
    "        # scene_camera = load_scene_camera(path_scene_gt_camera)\n",
    "        from cosypose.lib3d import Transform\n",
    "        for img_id, img_name in enumerate(img_names_rgb[:-1]):\n",
    "            if not f\"{img_id}\" in json_data_gt_info:\n",
    "                continue\n",
    "            if not f\"{img_id}\" in json_data_gt:\n",
    "                continue\n",
    "            if not f\"{img_id}\" in json_gt_camera:\n",
    "                continue\n",
    "            # cam_R_w2c = scene_camera[img_id][\"cam_R_w2c\"]\n",
    "            # TODO\n",
    "            cam_R_w2c = json_gt_camera[f\"{img_id}\"][\"cam_R_w2c\"]\n",
    "            cam_t_w2c = json_gt_camera[f\"{img_id}\"][\"cam_t_w2c\"]\n",
    "            row0 = [cam_R_w2c[0], cam_R_w2c[1], cam_R_w2c[2], cam_t_w2c[0]] \n",
    "            row1 = [cam_R_w2c[3], cam_R_w2c[4], cam_R_w2c[5], cam_t_w2c[1]]\n",
    "            row2 = [cam_R_w2c[6], cam_R_w2c[7], cam_R_w2c[8], cam_t_w2c[2]]           \n",
    "            row3 = [0, 0, 0, 1]\n",
    "            cam_rot_loc_mat = np.asarray([row0, row1, row2, row3])\n",
    "\n",
    "\n",
    "            if 'cam_R_w2c' in json_gt_camera[f\"{img_id}\"]:\n",
    "                RC0 = np.array(json_gt_camera[f\"{img_id}\"]['cam_R_w2c']).reshape(3, 3)\n",
    "                tC0 = np.array(json_gt_camera[f\"{img_id}\"]['cam_t_w2c'])# * 0.001\n",
    "                TC0 = Transform(RC0, tC0)\n",
    "                T0C = TC0.inverse()\n",
    "                T0C = T0C.toHomogeneousMatrix()\n",
    "            for label_idx, label in enumerate(json_data_gt[f\"{img_id}\"]):\n",
    "                \n",
    "\n",
    "                obj_id = label[\"obj_id\"] # int\n",
    "                list_bbox = json_data_gt_info[f\"{img_id}\"][label_idx][\"bbox_obj\"] # TODO: ?\n",
    "\n",
    "            # list_bbox = json_data_gt_info[f\"{img_id}\"][0][\"bbox_obj\"] # TODO: ?\n",
    "                xmin = list_bbox[0]\n",
    "                ymin = list_bbox[1]\n",
    "                xmax = list_bbox[0] + list_bbox[2]\n",
    "                ymax = list_bbox[1] + list_bbox[3]\n",
    "                list_bbox = [xmin, ymin, xmax, ymax]\n",
    "                list_rot  = json_data_gt[f\"{img_id}\"][label_idx][\"cam_R_m2c\"]\n",
    "                list_loc  = json_data_gt[f\"{img_id}\"][label_idx][\"cam_t_m2c\"]\n",
    "                # RCO = np.array(json_data_gt[f\"{img_id}\"][label_idx]['cam_R_m2c']).reshape(3, 3)\n",
    "                # tCO = np.array(json_data_gt[f\"{img_id}\"][label_idx]['cam_t_m2c']) #* 0.001\n",
    "                # TCO = Transform(RCO, tCO)\n",
    "                # T0O = T0C * TCO\n",
    "                # T0O = T0O.toHomogeneousMatrix()\n",
    "\n",
    "                row0 = [list_rot[0], list_rot[1], list_rot[2], list_loc[0]] \n",
    "                row1 = [list_rot[3], list_rot[4], list_rot[5], list_loc[1]]\n",
    "                row2 = [list_rot[6], list_rot[7], list_rot[8], list_loc[2]]\n",
    "                row3 = [0, 0, 0, 1]\n",
    "                rot_loc_mat = np.asarray([row0, row1, row2, row3])\n",
    "                rot_loc_mat = np.matmul(np.linalg.inv(cam_rot_loc_mat), rot_loc_mat)\n",
    "                if scene_id == 0 and img_id == 20:\n",
    "                    print(\"label_idx\",label_idx)\n",
    "                    print(\"rot_loc_mat\", rot_loc_mat)\n",
    "                infos.append(dict(\n",
    "                        scene_id=scene_id,\n",
    "                        view_id=img_id,\n",
    "                        score=1,\n",
    "                        label=f\"obj_{obj_id:06d}\",\n",
    "                    ))\n",
    "                # poses.append(T0O)\n",
    "                poses.append(rot_loc_mat)\n",
    "                bboxes.append(list_bbox)\n",
    "    data = tc.PandasTensorCollection(\n",
    "        infos=pd.DataFrame(infos),\n",
    "        poses=torch.as_tensor(np.stack(poses)).float(),\n",
    "        bboxes=torch.as_tensor(np.stack(bboxes)).float(),\n",
    "    ).cpu()\n",
    "    return data\n",
    "bracket_detections = load_custom_detection_from_gt().cpu()"
   ]
  },
  {
   "cell_type": "code",
   "execution_count": 6,
   "id": "75cd864a",
   "metadata": {},
   "outputs": [
    {
     "data": {
      "text/plain": [
       "14917"
      ]
     },
     "execution_count": 6,
     "metadata": {},
     "output_type": "execute_result"
    }
   ],
   "source": [
    "len(bracket_detections)"
   ]
  },
  {
   "cell_type": "code",
   "execution_count": null,
   "id": "1d48c6ae",
   "metadata": {},
   "outputs": [],
   "source": [
    "scene_id = 0\n",
    "frame_id = 20\n",
    "rgb = open('...')\n",
    "meshes = self.mesh_db.select(labels)\n",
    "points = meshes.sample_points(2000, deterministic=True)\n",
    "uv = project_points(points, K, TCO)\n",
    "boxes_rend = boxes_from_uv(uv)\n",
    "boxes_crop, images_cropped = deepim_crops(\n",
    "    images=images, obs_boxes=boxes_rend, K=K,\n",
    "    TCO_pred=TCO, O_vertices=points, output_size=self.render_size, lamb=1.4\n",
    ")\n",
    "plot(image)\n",
    "plot(boxes)"
   ]
  }
 ],
 "metadata": {
  "kernelspec": {
   "display_name": "Python 3 (ipykernel)",
   "language": "python",
   "name": "python3"
  },
  "language_info": {
   "codemirror_mode": {
    "name": "ipython",
    "version": 3
   },
   "file_extension": ".py",
   "mimetype": "text/x-python",
   "name": "python",
   "nbconvert_exporter": "python",
   "pygments_lexer": "ipython3",
   "version": "3.7.6"
  }
 },
 "nbformat": 4,
 "nbformat_minor": 5
}
