  0%|                                                     | 0/1 [00:00<?, ?it/s]0:00:11.802024 - TCO_init tensor([[[ 1.0000,  0.0000,  0.0000, -0.0166],
         [ 0.0000,  1.0000,  0.0000,  0.0103],
         [ 0.0000,  0.0000,  1.0000,  0.3000],
         [ 0.0000,  0.0000,  0.0000,  1.0000]]], device='cuda:0')
0:00:12.337707 - iteration 0
0:00:14.015759 - vxvyvz tensor([[ 0.1046,  0.0910, -0.0632]], device='cuda:0',
       grad_fn=<SliceBackward0>)
0:00:14.016878 - TCO_gt tensor([[[-0.7893,  0.4511,  0.4165, -0.0100],
         [-0.5688, -0.7927, -0.2192,  0.0062],
         [ 0.2313, -0.4099,  0.8823,  0.1920],
         [ 0.0000,  0.0000,  0.0000,  1.0000]]], device='cuda:0')
0:00:14.017864 - dR tensor([[[-0.5228, -0.4331,  0.7342],
         [ 0.3446, -0.8952, -0.2827],
         [ 0.7797,  0.1052,  0.6173]]], device='cuda:0',
       grad_fn=<StackBackward0>)
0:00:14.018711 - fxfy tensor([[1811.1807, 1811.1808]], device='cuda:0')
0:00:14.022387 - k: tensor([[[-0.5228, -0.4331,  0.7342, -0.0100],
         [ 0.3446, -0.8952, -0.2827,  0.0062],
         [ 0.7797,  0.1052,  0.6173,  0.1920],
         [ 0.0000,  0.0000,  0.0000,  1.0000]]], device='cuda:0',
       grad_fn=<CopySlices>)
0:00:14.023361 - k: tensor([[[-0.7893,  0.4511,  0.4165, -0.0106],
         [-0.5688, -0.7927, -0.2192,  0.0066],
         [ 0.2313, -0.4099,  0.8823,  0.1920],
         [ 0.0000,  0.0000,  0.0000,  1.0000]]], device='cuda:0',
       grad_fn=<CopySlices>)
0:00:14.024294 - k: tensor([[[-0.7893,  0.4511,  0.4165, -0.0100],
         [-0.5688, -0.7927, -0.2192,  0.0062],
         [ 0.2313, -0.4099,  0.8823, -0.0190],
         [ 0.0000,  0.0000,  0.0000,  1.0000]]], device='cuda:0',
       grad_fn=<CopySlices>)
0:00:14.024948 - k: tensor([0.0015], device='cuda:0', grad_fn=<MinBackward0>)
0:00:14.025573 - k: tensor([0.0003], device='cuda:0', grad_fn=<MinBackward0>)
0:00:14.026190 - k: tensor([0.0703], device='cuda:0', grad_fn=<MinBackward0>)
100%|████████████████████████████████| 1/1 [00:03<00:00,  3.54s/it, loss=0.0721]
  0%|                                                     | 0/1 [00:00<?, ?it/s]0:00:14.302186 - TCO_init tensor([[[ 1.0000,  0.0000,  0.0000, -0.0166],
         [ 0.0000,  1.0000,  0.0000,  0.0103],
         [ 0.0000,  0.0000,  1.0000,  0.3000],
         [ 0.0000,  0.0000,  0.0000,  1.0000]]], device='cuda:0')
0:00:14.838787 - iteration 0
0:00:15.139058 - vxvyvz tensor([[-0.0078,  0.0236, -0.0142]], device='cuda:0')
0:00:15.140156 - TCO_gt tensor([[[-0.7893,  0.4511,  0.4165, -0.0100],
         [-0.5688, -0.7927, -0.2192,  0.0062],
         [ 0.2313, -0.4099,  0.8823,  0.1920],
         [ 0.0000,  0.0000,  0.0000,  1.0000]]], device='cuda:0')
0:00:15.141134 - dR tensor([[[ 0.4857,  0.7946, -0.3642],
         [-0.3424,  0.5563,  0.7571],
         [ 0.8042, -0.2430,  0.5423]]], device='cuda:0')
0:00:15.141996 - fxfy tensor([[1811.1807, 1811.1808]], device='cuda:0')
0:00:15.145356 - k: tensor([[[ 0.4857,  0.7946, -0.3642, -0.0100],
         [-0.3424,  0.5563,  0.7571,  0.0062],
         [ 0.8042, -0.2430,  0.5423,  0.1920],
         [ 0.0000,  0.0000,  0.0000,  1.0000]]], device='cuda:0')
0:00:15.146265 - k: tensor([[[-0.7893,  0.4511,  0.4165, -0.0106],
         [-0.5688, -0.7927, -0.2192,  0.0066],
         [ 0.2313, -0.4099,  0.8823,  0.1920],
         [ 0.0000,  0.0000,  0.0000,  1.0000]]], device='cuda:0')
0:00:15.147222 - k: tensor([[[-0.7893,  0.4511,  0.4165, -0.0100],
         [-0.5688, -0.7927, -0.2192,  0.0062],
         [ 0.2313, -0.4099,  0.8823, -0.0043],
         [ 0.0000,  0.0000,  0.0000,  1.0000]]], device='cuda:0')
0:00:15.147892 - k: tensor([0.0053], device='cuda:0')
0:00:15.148532 - k: tensor([0.0003], device='cuda:0')
0:00:15.149159 - k: tensor([0.0654], device='cuda:0')
100%|█████████████████████████████████████████████| 1/1 [00:00<00:00,  2.00it/s]
0:00:14.540470 - bracket_assembly_nut_noaug_coarse--917955
0:00:14.540711 - {'grad_norm': 1.0273690223693848, 'grad_norm_std': inf, 'learning_rate': 4.166666666666667e-11, 'time_forward': 2.25197172164917, 'time_backward': 0.6188929080963135, 'time_data': nan, 'gpu_memory': 2299.4736328125, 'time': 1683268894.6536438, 'n_iterations': 1, 'n_datas': 8, 'train_loss_TCO-iter=1': 0.07210946083068848, 'train_loss_TCO': 0.07210946083068848, 'train_loss_total': 0.07210946083068848, 'train_grad_norm': 1.0273690223693848, 'val_loss_TCO-iter=1': 0.07103157788515091, 'val_loss_TCO': 0.07103157788515091, 'val_loss_total': 0.07103157788515091, 'epoch': 0}
0:00:14.540900 - {}
  0%|                                                     | 0/1 [00:00<?, ?it/s]0:00:14.548954 - TCO_init tensor([[[ 1.0000,  0.0000,  0.0000, -0.0166],
         [ 0.0000,  1.0000,  0.0000,  0.0103],
         [ 0.0000,  0.0000,  1.0000,  0.3000],
         [ 0.0000,  0.0000,  0.0000,  1.0000]]], device='cuda:0')
0:00:15.081240 - iteration 0
0:00:15.392813 - vxvyvz tensor([[ 0.1046,  0.0885, -0.0721]], device='cuda:0',
       grad_fn=<SliceBackward0>)
0:00:15.393930 - TCO_gt tensor([[[-0.7893,  0.4511,  0.4165, -0.0100],
         [-0.5688, -0.7927, -0.2192,  0.0062],
         [ 0.2313, -0.4099,  0.8823,  0.1920],
         [ 0.0000,  0.0000,  0.0000,  1.0000]]], device='cuda:0')
0:00:15.395035 - dR tensor([[[-0.5139, -0.4543,  0.7277],
         [ 0.3462, -0.8860, -0.3086],
         [ 0.7849,  0.0933,  0.6126]]], device='cuda:0',
       grad_fn=<StackBackward0>)
0:00:15.395959 - fxfy tensor([[1811.1807, 1811.1808]], device='cuda:0')
0:00:15.399050 - k: tensor([[[-0.5139, -0.4543,  0.7277, -0.0100],
         [ 0.3462, -0.8860, -0.3086,  0.0062],
         [ 0.7849,  0.0933,  0.6126,  0.1920],
         [ 0.0000,  0.0000,  0.0000,  1.0000]]], device='cuda:0',
       grad_fn=<CopySlices>)
0:00:15.400034 - k: tensor([[[-0.7893,  0.4511,  0.4165, -0.0106],
         [-0.5688, -0.7927, -0.2192,  0.0066],
         [ 0.2313, -0.4099,  0.8823,  0.1920],
         [ 0.0000,  0.0000,  0.0000,  1.0000]]], device='cuda:0',
       grad_fn=<CopySlices>)
0:00:15.400929 - k: tensor([[[-0.7893,  0.4511,  0.4165, -0.0100],
         [-0.5688, -0.7927, -0.2192,  0.0062],
         [ 0.2313, -0.4099,  0.8823, -0.0216],
         [ 0.0000,  0.0000,  0.0000,  1.0000]]], device='cuda:0',
       grad_fn=<CopySlices>)
0:00:15.401552 - k: tensor([0.0015], device='cuda:0', grad_fn=<MinBackward0>)
0:00:15.402150 - k: tensor([0.0003], device='cuda:0', grad_fn=<MinBackward0>)
0:00:15.402743 - k: tensor([0.0712], device='cuda:0', grad_fn=<MinBackward0>)
100%|█████████████████████████████████| 1/1 [00:00<00:00,  4.47it/s, loss=0.073]
0:00:14.952342 - bracket_assembly_nut_noaug_coarse--917955
0:00:14.952574 - {'grad_norm': 1.146173119544983, 'grad_norm_std': inf, 'learning_rate': 6.25e-11, 'time_forward': 0.1414797306060791, 'time_backward': 0.07791829109191895, 'time_data': nan, 'gpu_memory': 2299.4736328125, 'time': 1683268894.983812, 'n_iterations': 2, 'n_datas': 16, 'train_loss_TCO-iter=1': 0.07303014397621155, 'train_loss_TCO': 0.07303014397621155, 'train_loss_total': 0.07303014397621155, 'train_grad_norm': 1.146173119544983, 'epoch': 1}
0:00:14.952743 - None
  0%|                                                     | 0/1 [00:00<?, ?it/s]0:00:15.040891 - TCO_init tensor([[[ 1.0000,  0.0000,  0.0000, -0.0166],
         [ 0.0000,  1.0000,  0.0000,  0.0103],
         [ 0.0000,  0.0000,  1.0000,  0.3000],
         [ 0.0000,  0.0000,  0.0000,  1.0000]]], device='cuda:0')
0:00:15.575237 - iteration 0
0:00:15.875924 - vxvyvz tensor([[ 0.0999,  0.0867, -0.0670]], device='cuda:0',
       grad_fn=<SliceBackward0>)
0:00:15.876994 - TCO_gt tensor([[[-0.7893,  0.4511,  0.4165, -0.0100],
         [-0.5688, -0.7927, -0.2192,  0.0062],
         [ 0.2313, -0.4099,  0.8823,  0.1920],
         [ 0.0000,  0.0000,  0.0000,  1.0000]]], device='cuda:0')
0:00:15.877941 - dR tensor([[[-0.5182, -0.4446,  0.7306],
         [ 0.3216, -0.8929, -0.3152],
         [ 0.7925,  0.0717,  0.6057]]], device='cuda:0',
       grad_fn=<StackBackward0>)
0:00:15.878773 - fxfy tensor([[1811.1807, 1811.1808]], device='cuda:0')
0:00:15.881804 - k: tensor([[[-0.5182, -0.4446,  0.7306, -0.0100],
         [ 0.3216, -0.8929, -0.3152,  0.0062],
         [ 0.7925,  0.0717,  0.6057,  0.1920],
         [ 0.0000,  0.0000,  0.0000,  1.0000]]], device='cuda:0',
       grad_fn=<CopySlices>)
0:00:15.882678 - k: tensor([[[-0.7893,  0.4511,  0.4165, -0.0106],
         [-0.5688, -0.7927, -0.2192,  0.0066],
         [ 0.2313, -0.4099,  0.8823,  0.1920],
         [ 0.0000,  0.0000,  0.0000,  1.0000]]], device='cuda:0',
       grad_fn=<CopySlices>)
0:00:15.883598 - k: tensor([[[-0.7893,  0.4511,  0.4165, -0.0100],
         [-0.5688, -0.7927, -0.2192,  0.0062],
         [ 0.2313, -0.4099,  0.8823, -0.0201],
         [ 0.0000,  0.0000,  0.0000,  1.0000]]], device='cuda:0',
       grad_fn=<CopySlices>)
0:00:15.884262 - k: tensor([0.0015], device='cuda:0', grad_fn=<MinBackward0>)
0:00:15.884858 - k: tensor([0.0003], device='cuda:0', grad_fn=<MinBackward0>)
0:00:15.885449 - k: tensor([0.0707], device='cuda:0', grad_fn=<MinBackward0>)
100%|████████████████████████████████| 1/1 [00:00<00:00,  3.40it/s, loss=0.0726]
0:00:15.426156 - bracket_assembly_nut_noaug_coarse--917955
0:00:15.426383 - {'grad_norm': 1.0162214040756226, 'grad_norm_std': inf, 'learning_rate': 8.333333333333334e-11, 'time_forward': 0.1322803497314453, 'time_backward': 0.07776761054992676, 'time_data': nan, 'gpu_memory': 2299.4736328125, 'time': 1683268895.4661422, 'n_iterations': 3, 'n_datas': 24, 'train_loss_TCO-iter=1': 0.0725761279463768, 'train_loss_TCO': 0.0725761279463768, 'train_loss_total': 0.0725761279463768, 'train_grad_norm': 1.0162214040756226, 'epoch': 2}
0:00:15.426515 - None
  0%|                                                     | 0/1 [00:00<?, ?it/s]0:00:15.549229 - TCO_init tensor([[[ 1.0000,  0.0000,  0.0000, -0.0166],
         [ 0.0000,  1.0000,  0.0000,  0.0103],
         [ 0.0000,  0.0000,  1.0000,  0.3000],
         [ 0.0000,  0.0000,  0.0000,  1.0000]]], device='cuda:0')
0:00:16.083606 - iteration 0
0:00:16.384998 - vxvyvz tensor([[ 0.0999,  0.0887, -0.0686]], device='cuda:0',
       grad_fn=<SliceBackward0>)
0:00:16.386042 - TCO_gt tensor([[[-0.7893,  0.4511,  0.4165, -0.0100],
         [-0.5688, -0.7927, -0.2192,  0.0062],
         [ 0.2313, -0.4099,  0.8823,  0.1920],
         [ 0.0000,  0.0000,  0.0000,  1.0000]]], device='cuda:0')
0:00:16.387048 - dR tensor([[[-0.5075, -0.4437,  0.7386],
         [ 0.3381, -0.8910, -0.3030],
         [ 0.7925,  0.0959,  0.6022]]], device='cuda:0',
       grad_fn=<StackBackward0>)
0:00:16.387909 - fxfy tensor([[1811.1807, 1811.1808]], device='cuda:0')
0:00:16.390925 - k: tensor([[[-0.5075, -0.4437,  0.7386, -0.0100],
         [ 0.3381, -0.8910, -0.3030,  0.0062],
         [ 0.7925,  0.0959,  0.6022,  0.1920],
         [ 0.0000,  0.0000,  0.0000,  1.0000]]], device='cuda:0',
       grad_fn=<CopySlices>)
0:00:16.391823 - k: tensor([[[-0.7893,  0.4511,  0.4165, -0.0106],
         [-0.5688, -0.7927, -0.2192,  0.0066],
         [ 0.2313, -0.4099,  0.8823,  0.1920],
         [ 0.0000,  0.0000,  0.0000,  1.0000]]], device='cuda:0',
       grad_fn=<CopySlices>)
0:00:16.392727 - k: tensor([[[-0.7893,  0.4511,  0.4165, -0.0100],
         [-0.5688, -0.7927, -0.2192,  0.0062],
         [ 0.2313, -0.4099,  0.8823, -0.0206],
         [ 0.0000,  0.0000,  0.0000,  1.0000]]], device='cuda:0',
       grad_fn=<CopySlices>)
0:00:16.393338 - k: tensor([0.0015], device='cuda:0', grad_fn=<MinBackward0>)
0:00:16.393936 - k: tensor([0.0003], device='cuda:0', grad_fn=<MinBackward0>)
0:00:16.394534 - k: tensor([0.0709], device='cuda:0', grad_fn=<MinBackward0>)
100%|████████████████████████████████| 1/1 [00:00<00:00,  3.03it/s, loss=0.0727]
0:00:15.949652 - bracket_assembly_nut_noaug_coarse--917955
0:00:15.949875 - {'grad_norm': 1.084194302558899, 'grad_norm_std': inf, 'learning_rate': 1.0416666666666667e-10, 'time_forward': 0.1331157684326172, 'time_backward': 0.0778663158416748, 'time_data': nan, 'gpu_memory': 2299.4736328125, 'time': 1683268895.9754117, 'n_iterations': 4, 'n_datas': 32, 'train_loss_TCO-iter=1': 0.07271721214056015, 'train_loss_TCO': 0.07271721214056015, 'train_loss_total': 0.07271721214056015, 'train_grad_norm': 1.084194302558899, 'epoch': 3}
0:00:15.949998 - None
  0%|                                                     | 0/1 [00:00<?, ?it/s]0:00:16.042714 - TCO_init tensor([[[ 1.0000,  0.0000,  0.0000, -0.0166],
         [ 0.0000,  1.0000,  0.0000,  0.0103],
         [ 0.0000,  0.0000,  1.0000,  0.3000],
         [ 0.0000,  0.0000,  0.0000,  1.0000]]], device='cuda:0')
0:00:16.577117 - iteration 0
0:00:16.879062 - vxvyvz tensor([[ 0.1022,  0.0914, -0.0700]], device='cuda:0',
       grad_fn=<SliceBackward0>)
0:00:16.880171 - TCO_gt tensor([[[-0.7893,  0.4511,  0.4165, -0.0100],
         [-0.5688, -0.7927, -0.2192,  0.0062],
         [ 0.2313, -0.4099,  0.8823,  0.1920],
         [ 0.0000,  0.0000,  0.0000,  1.0000]]], device='cuda:0')
0:00:16.881139 - dR tensor([[[-0.5215, -0.4402,  0.7309],
         [ 0.3134, -0.8956, -0.3158],
         [ 0.7936,  0.0643,  0.6050]]], device='cuda:0',
       grad_fn=<StackBackward0>)
0:00:16.881987 - fxfy tensor([[1811.1807, 1811.1808]], device='cuda:0')
0:00:16.885195 - k: tensor([[[-0.5215, -0.4402,  0.7309, -0.0100],
         [ 0.3134, -0.8956, -0.3158,  0.0062],
         [ 0.7936,  0.0643,  0.6050,  0.1920],
         [ 0.0000,  0.0000,  0.0000,  1.0000]]], device='cuda:0',
       grad_fn=<CopySlices>)
0:00:16.886095 - k: tensor([[[-0.7893,  0.4511,  0.4165, -0.0106],
         [-0.5688, -0.7927, -0.2192,  0.0066],
         [ 0.2313, -0.4099,  0.8823,  0.1920],
         [ 0.0000,  0.0000,  0.0000,  1.0000]]], device='cuda:0',
       grad_fn=<CopySlices>)
0:00:16.887021 - k: tensor([[[-0.7893,  0.4511,  0.4165, -0.0100],
         [-0.5688, -0.7927, -0.2192,  0.0062],
         [ 0.2313, -0.4099,  0.8823, -0.0210],
         [ 0.0000,  0.0000,  0.0000,  1.0000]]], device='cuda:0',
       grad_fn=<CopySlices>)
0:00:16.887655 - k: tensor([0.0015], device='cuda:0', grad_fn=<MinBackward0>)
0:00:16.888300 - k: tensor([0.0003], device='cuda:0', grad_fn=<MinBackward0>)
0:00:16.888906 - k: tensor([0.0710], device='cuda:0', grad_fn=<MinBackward0>)
100%|████████████████████████████████| 1/1 [00:00<00:00,  3.34it/s, loss=0.0729]
0:00:16.446390 - bracket_assembly_nut_noaug_coarse--917955
0:00:16.446635 - {'grad_norm': 1.0151203870773315, 'grad_norm_std': inf, 'learning_rate': 1.25e-10, 'time_forward': 0.13389992713928223, 'time_backward': 0.07678508758544922, 'time_data': nan, 'gpu_memory': 2299.4736328125, 'time': 1683268896.468599, 'n_iterations': 5, 'n_datas': 40, 'train_loss_TCO-iter=1': 0.07287267595529556, 'train_loss_TCO': 0.07287267595529556, 'train_loss_total': 0.07287267595529556, 'train_grad_norm': 1.0151203870773315, 'epoch': 4}
0:00:16.446759 - None
  0%|                                                     | 0/1 [00:00<?, ?it/s]0:00:16.533648 - TCO_init tensor([[[ 1.0000,  0.0000,  0.0000, -0.0166],
         [ 0.0000,  1.0000,  0.0000,  0.0103],
         [ 0.0000,  0.0000,  1.0000,  0.3000],
         [ 0.0000,  0.0000,  0.0000,  1.0000]]], device='cuda:0')
0:00:17.068059 - iteration 0
0:00:17.369706 - vxvyvz tensor([[ 0.1042,  0.0831, -0.0667]], device='cuda:0',
       grad_fn=<SliceBackward0>)
0:00:17.370772 - TCO_gt tensor([[[-0.7893,  0.4511,  0.4165, -0.0100],
         [-0.5688, -0.7927, -0.2192,  0.0062],
         [ 0.2313, -0.4099,  0.8823,  0.1920],
         [ 0.0000,  0.0000,  0.0000,  1.0000]]], device='cuda:0')
0:00:17.371792 - dR tensor([[[-0.5257, -0.4554,  0.7185],
         [ 0.3485, -0.8858, -0.3065],
         [ 0.7760,  0.0893,  0.6243]]], device='cuda:0',
       grad_fn=<StackBackward0>)
0:00:17.372660 - fxfy tensor([[1811.1807, 1811.1808]], device='cuda:0')
0:00:48.421733 - TCO_gt tensor([[[-0.7893,  0.4511,  0.4165, -0.0100],<?, ?it/s]0:00:16.042714 - TCO_init tensor([[[ 1.0000,  0.0000,  0.0000, -0.0166],
         [-0.5688, -0.7927, -0.2192,  0.0062],
         [ 0.2313, -0.4099,  0.8823,  0.1920],
         [ 0.0000,  0.0000,  0.0000,  1.0000]]], device='cuda:0')
0:00:48.422704 - dR tensor([[[-0.5139, -0.4543,  0.7277],
         [ 0.3462, -0.8860, -0.3086],
         [ 0.7849,  0.0933,  0.6126]]], device='cuda:0',
       grad_fn=<StackBackward0>)
0:00:48.423610 - fxfy tensor([[1811.1807, 1811.1808]], device='cuda:0')
0:00:48.427049 - k: tensor([[[-0.5139, -0.4543,  0.7277, -0.0100],
         [ 0.3462, -0.8860, -0.3086,  0.0062],
         [ 0.7849,  0.0933,  0.6126,  0.1920],
         [ 0.0000,  0.0000,  0.0000,  1.0000]]], device='cuda:0',
       grad_fn=<CopySlices>)
0:00:48.427989 - k: tensor([[[-0.7893,  0.4511,  0.4165, -0.0106],
         [-0.5688, -0.7927, -0.2192,  0.0066],
         [ 0.2313, -0.4099,  0.8823,  0.1920],
         [ 0.0000,  0.0000,  0.0000,  1.0000]]], device='cuda:0',
       grad_fn=<CopySlices>)
0:00:48.428913 - k: tensor([[[-0.7893,  0.4511,  0.4165, -0.0100],
         [-0.5688, -0.7927, -0.2192,  0.0062],
         [ 0.2313, -0.4099,  0.8823, -0.0216],
         [ 0.0000,  0.0000,  0.0000,  1.0000]]], device='cuda:0',
       grad_fn=<CopySlices>)
0:00:48.429539 - k: tensor([0.0015], device='cuda:0', grad_fn=<MinBackward0>)
0:00:48.430166 - k: tensor([0.0003], device='cuda:0', grad_fn=<MinBackward0>)
0:00:48.430813 - k: tensor([0.0712], device='cuda:0', grad_fn=<MinBackward0>)
100%|█████████████████████████████████| 1/1 [00:00<00:00,  4.41it/s, loss=0.073]
0:00:48.001862 - bracket_assembly_nut_noaug_coarse--917955
0:00:48.002116 - {'grad_norm': 1.146419644355774, 'grad_norm_std': inf, 'learning_rate': 1.6666666666666669e-10, 'time_forward': 0.13457107543945312, 'time_backward': 0.08827805519104004, 'time_data': nan, 'gpu_memory': 2299.4736328125, 'time': 1683268928.022044, 'n_iterations': 7, 'n_datas': 56, 'train_loss_TCO-iter=1': 0.07303643226623535, 'train_loss_TCO': 0.07303643226623535, 'train_loss_total': 0.07303643226623535, 'train_grad_norm': 1.146419644355774, 'epoch': 6}
0:00:48.002244 - None
  0%|                                                     | 0/1 [00:00<?, ?it/s]
0:00:50.111343 - k: tensor([[[-0.7893,  0.4511,  0.4165, -0.0106],00],<?, ?it/s]0:00:16.042714 - TCO_init tensor([[[ 1.0000,  0.0000,  0.0000, -0.0166],
0:00:49.315405 - fxfy tensor([[1811.1807, 1811.1808]], device='cuda:0')
0:00:49.318649 - k: tensor([[[-0.5184, -0.4561,  0.7234, -0.0100],
         [ 0.3487, -0.8851, -0.3082,  0.0062],
         [ 0.7808,  0.0924,  0.6179,  0.1920],
         [ 0.0000,  0.0000,  0.0000,  1.0000]]], device='cuda:0',
       grad_fn=<CopySlices>)
0:00:49.319612 - k: tensor([[[-0.7893,  0.4511,  0.4165, -0.0106],
         [-0.5688, -0.7927, -0.2192,  0.0066],
         [ 0.2313, -0.4099,  0.8823,  0.1920],
         [ 0.0000,  0.0000,  0.0000,  1.0000]]], device='cuda:0',
       grad_fn=<CopySlices>)
0:00:49.320546 - k: tensor([[[-0.7893,  0.4511,  0.4165, -0.0100],
         [-0.5688, -0.7927, -0.2192,  0.0062],
         [ 0.2313, -0.4099,  0.8823, -0.0202],
         [ 0.0000,  0.0000,  0.0000,  1.0000]]], device='cuda:0',
       grad_fn=<CopySlices>)
0:00:49.321180 - k: tensor([0.0015], device='cuda:0', grad_fn=<MinBackward0>)
0:00:49.321789 - k: tensor([0.0003], device='cuda:0', grad_fn=<MinBackward0>)
0:00:49.322397 - k: tensor([0.0707], device='cuda:0', grad_fn=<MinBackward0>)
100%|████████████████████████████████| 1/1 [00:00<00:00,  4.83it/s, loss=0.0725]
0:00:48.872623 - bracket_assembly_nut_noaug_coarse--917955
0:00:48.872859 - {'grad_norm': 1.1293493509292603, 'grad_norm_std': inf, 'learning_rate': 2.0833333333333334e-10, 'time_forward': 0.12542152404785156, 'time_backward': 0.07760024070739746, 'time_data': nan, 'gpu_memory': 2299.4736328125, 'time': 1683268928.902841, 'n_iterations': 9, 'n_datas': 72, 'train_loss_TCO-iter=1': 0.07252590358257294, 'train_loss_TCO': 0.07252590358257294, 'train_loss_total': 0.07252590358257294, 'train_grad_norm': 1.1293493509292603, 'epoch': 8}
0:00:48.873037 - None
  0%|                                                     | 0/1 [00:00<?, ?it/s]0:00:48.880416 - TCO_init tensor([[[ 1.0000,  0.0000,  0.0000, -0.0166],
         [ 0.0000,  1.0000,  0.0000,  0.0103],
         [ 0.0000,  0.0000,  1.0000,  0.3000],
         [ 0.0000,  0.0000,  0.0000,  1.0000]]], device='cuda:0')
0:00:49.414507 - iteration 0
0:00:49.708038 - vxvyvz tensor([[ 0.0988,  0.0893, -0.0681]], device='cuda:0',
       grad_fn=<SliceBackward0>)
0:00:49.709090 - TCO_gt tensor([[[-0.7893,  0.4511,  0.4165, -0.0100],
         [-0.5688, -0.7927, -0.2192,  0.0062],
         [ 0.2313, -0.4099,  0.8823,  0.1920],
         [ 0.0000,  0.0000,  0.0000,  1.0000]]], device='cuda:0')
0:00:49.710104 - dR tensor([[[-0.5146, -0.4146,  0.7505],
         [ 0.3125, -0.9058, -0.2862],
         [ 0.7984,  0.0873,  0.5957]]], device='cuda:0',
       grad_fn=<StackBackward0>)
0:00:49.710970 - fxfy tensor([[1811.1807, 1811.1808]], device='cuda:0')
0:00:49.714219 - k: tensor([[[-0.5146, -0.4146,  0.7505, -0.0100],
         [ 0.3125, -0.9058, -0.2862,  0.0062],
         [ 0.7984,  0.0873,  0.5957,  0.1920],
         [ 0.0000,  0.0000,  0.0000,  1.0000]]], device='cuda:0',
       grad_fn=<CopySlices>)
0:00:49.715284 - k: tensor([[[-0.7893,  0.4511,  0.4165, -0.0106],
         [-0.5688, -0.7927, -0.2192,  0.0066],
         [ 0.2313, -0.4099,  0.8823,  0.1920],
         [ 0.0000,  0.0000,  0.0000,  1.0000]]], device='cuda:0',
       grad_fn=<CopySlices>)
0:00:49.716271 - k: tensor([[[-0.7893,  0.4511,  0.4165, -0.0100],
         [-0.5688, -0.7927, -0.2192,  0.0062],
         [ 0.2313, -0.4099,  0.8823, -0.0204],
         [ 0.0000,  0.0000,  0.0000,  1.0000]]], device='cuda:0',
       grad_fn=<CopySlices>)
0:00:49.716944 - k: tensor([0.0016], device='cuda:0', grad_fn=<MinBackward0>)
0:00:49.717586 - k: tensor([0.0003], device='cuda:0', grad_fn=<MinBackward0>)
0:00:49.718244 - k: tensor([0.0708], device='cuda:0', grad_fn=<MinBackward0>)
100%|████████████████████████████████| 1/1 [00:00<00:00,  4.81it/s, loss=0.0727]
0:00:49.268860 - bracket_assembly_nut_noaug_coarse--917955
0:00:49.269068 - {'grad_norm': 1.038745641708374, 'grad_norm_std': inf, 'learning_rate': 2.2916666666666665e-10, 'time_forward': 0.12555551528930664, 'time_backward': 0.0784311294555664, 'time_data': nan, 'gpu_memory': 2299.4736328125, 'time': 1683268929.2996585, 'n_iterations': 10, 'n_datas': 80, 'train_loss_TCO-iter=1': 0.07274205982685089, 'train_loss_TCO': 0.07274205982685089, 'train_loss_total': 0.07274205982685089, 'train_grad_norm': 1.038745641708374, 'epoch': 9}
0:00:49.269188 - None
  0%|                                                     | 0/1 [00:00<?, ?it/s]0:00:49.276871 - TCO_init tensor([[[ 1.0000,  0.0000,  0.0000, -0.0166],
         [ 0.0000,  1.0000,  0.0000,  0.0103],
         [ 0.0000,  0.0000,  1.0000,  0.3000],
         [ 0.0000,  0.0000,  0.0000,  1.0000]]], device='cuda:0')
0:00:49.811113 - iteration 0
0:00:50.103918 - vxvyvz tensor([[ 0.1025,  0.0914, -0.0635]], device='cuda:0',
       grad_fn=<SliceBackward0>)
0:00:50.104995 - TCO_gt tensor([[[-0.7893,  0.4511,  0.4165, -0.0100],
         [-0.5688, -0.7927, -0.2192,  0.0062],
         [ 0.2313, -0.4099,  0.8823,  0.1920],
         [ 0.0000,  0.0000,  0.0000,  1.0000]]], device='cuda:0')
0:00:50.106035 - dR tensor([[[-0.4966, -0.4639,  0.7336],
         [ 0.3431, -0.8813, -0.3250],
         [ 0.7973,  0.0903,  0.5969]]], device='cuda:0',
       grad_fn=<StackBackward0>)
0:00:50.106949 - fxfy tensor([[1811.1807, 1811.1808]], device='cuda:0')
0:00:50.110336 - k: tensor([[[-0.4966, -0.4639,  0.7336, -0.0100],
         [ 0.3431, -0.8813, -0.3250,  0.0062],
         [ 0.7973,  0.0903,  0.5969,  0.1920],
         [ 0.0000,  0.0000,  0.0000,  1.0000]]], device='cuda:0',
       grad_fn=<CopySlices>)
0:00:50.111343 - k: tensor([[[-0.7893,  0.4511,  0.4165, -0.0106],00],<?, ?it/s]0:00:16.042714 - TCO_init tensor([[[ 1.0000,  0.0000,  0.0000, -0.0166],
         [-0.5688, -0.7927, -0.2192,  0.0066],
         [ 0.2313, -0.4099,  0.8823,  0.1920],
         [ 0.0000,  0.0000,  0.0000,  1.0000]]], device='cuda:0',
       grad_fn=<CopySlices>)
0:00:50.112385 - k: tensor([[[-0.7893,  0.4511,  0.4165, -0.0100],
         [-0.5688, -0.7927, -0.2192,  0.0062],
         [ 0.2313, -0.4099,  0.8823, -0.0191],
         [ 0.0000,  0.0000,  0.0000,  1.0000]]], device='cuda:0',
       grad_fn=<CopySlices>)
0:00:50.113056 - k: tensor([0.0016], device='cuda:0', grad_fn=<MinBackward0>)
0:00:50.113704 - k: tensor([0.0003], device='cuda:0', grad_fn=<MinBackward0>)
0:00:50.114343 - k: tensor([0.0703], device='cuda:0', grad_fn=<MinBackward0>)
100%|████████████████████████████████| 1/1 [00:00<00:00,  4.81it/s, loss=0.0723]
0:00:49.678305 - bracket_assembly_nut_noaug_coarse--917955
0:00:49.678527 - {'grad_norm': 1.0320687294006348, 'grad_norm_std': inf, 'learning_rate': 2.5e-10, 'time_forward': 0.12535333633422852, 'time_backward': 0.07866024971008301, 'time_data': nan, 'gpu_memory': 2299.4736328125, 'time': 1683268929.6959255, 'n_iterations': 11, 'n_datas': 88, 'train_loss_TCO-iter=1': 0.0722527727484703, 'train_loss_TCO': 0.0722527727484703, 'train_loss_total': 0.0722527727484703, 'train_grad_norm': 1.0320687294006348, 'epoch': 10}
0:00:49.678684 - None
  0%|                                                     | 0/1 [00:00<?, ?it/s]0:00:49.686381 - TCO_init tensor([[[ 1.0000,  0.0000,  0.0000, -0.0166],
         [ 0.0000,  1.0000,  0.0000,  0.0103],
         [ 0.0000,  0.0000,  1.0000,  0.3000],
         [ 0.0000,  0.0000,  0.0000,  1.0000]]], device='cuda:0')
0:00:50.220516 - iteration 0
0:00:50.511937 - vxvyvz tensor([[ 0.1024,  0.0878, -0.0697]], device='cuda:0',
       grad_fn=<SliceBackward0>)
0:00:50.513042 - TCO_gt tensor([[[-0.7893,  0.4511,  0.4165, -0.0100],
         [-0.5688, -0.7927, -0.2192,  0.0062],
         [ 0.2313, -0.4099,  0.8823,  0.1920],
         [ 0.0000,  0.0000,  0.0000,  1.0000]]], device='cuda:0')
0:00:50.514077 - dR tensor([[[-0.5033, -0.4597,  0.7316],
         [ 0.3422, -0.8835, -0.3197],
         [ 0.7934,  0.0895,  0.6021]]], device='cuda:0',
       grad_fn=<StackBackward0>)
0:00:50.514979 - fxfy tensor([[1811.1807, 1811.1808]], device='cuda:0')
0:00:50.518343 - k: tensor([[[-0.5033, -0.4597,  0.7316, -0.0100],
         [ 0.3422, -0.8835, -0.3197,  0.0062],
         [ 0.7934,  0.0895,  0.6021,  0.1920],
         [ 0.0000,  0.0000,  0.0000,  1.0000]]], device='cuda:0',
       grad_fn=<CopySlices>)
0:00:50.519353 - k: tensor([[[-0.7893,  0.4511,  0.4165, -0.0106],
         [-0.5688, -0.7927, -0.2192,  0.0066],
         [ 0.2313, -0.4099,  0.8823,  0.1920],
         [ 0.0000,  0.0000,  0.0000,  1.0000]]], device='cuda:0',
       grad_fn=<CopySlices>)
0:00:50.520390 - k: tensor([[[-0.7893,  0.4511,  0.4165, -0.0100],
         [-0.5688, -0.7927, -0.2192,  0.0062],
         [ 0.2313, -0.4099,  0.8823, -0.0209],
         [ 0.0000,  0.0000,  0.0000,  1.0000]]], device='cuda:0',
       grad_fn=<CopySlices>)
0:00:50.521064 - k: tensor([0.0016], device='cuda:0', grad_fn=<MinBackward0>)
0:00:50.521708 - k: tensor([0.0003], device='cuda:0', grad_fn=<MinBackward0>)
0:00:50.522350 - k: tensor([0.0710], device='cuda:0', grad_fn=<MinBackward0>)
100%|████████████████████████████████| 1/1 [00:00<00:00,  4.81it/s, loss=0.0729]
0:00:50.079364 - bracket_assembly_nut_noaug_coarse--917955
0:00:50.079600 - {'grad_norm': 1.1377301216125488, 'grad_norm_std': inf, 'learning_rate': 2.7083333333333333e-10, 'time_forward': 0.12376642227172852, 'time_backward': 0.08031105995178223, 'time_data': nan, 'gpu_memory': 2299.4736328125, 'time': 1683268930.1055427, 'n_iterations': 12, 'n_datas': 96, 'train_loss_TCO-iter=1': 0.07285933941602707, 'train_loss_TCO': 0.07285933941602707, 'train_loss_total': 0.07285933941602707, 'train_grad_norm': 1.1377301216125488, 'epoch': 11}
0:00:50.079776 - None
  0%|                                                     | 0/1 [00:00<?, ?it/s]0:00:50.087301 - TCO_init tensor([[[ 1.0000,  0.0000,  0.0000, -0.0166],
         [ 0.0000,  1.0000,  0.0000,  0.0103],
         [ 0.0000,  0.0000,  1.0000,  0.3000],
         [ 0.0000,  0.0000,  0.0000,  1.0000]]], device='cuda:0')
0:00:50.621425 - iteration 0
0:00:50.914265 - vxvyvz tensor([[ 0.0951,  0.0901, -0.0686]], device='cuda:0',
       grad_fn=<SliceBackward0>)
0:00:50.915346 - TCO_gt tensor([[[-0.7893,  0.4511,  0.4165, -0.0100],
         [-0.5688, -0.7927, -0.2192,  0.0062],
         [ 0.2313, -0.4099,  0.8823,  0.1920],
         [ 0.0000,  0.0000,  0.0000,  1.0000]]], device='cuda:0')
0:00:50.916376 - dR tensor([[[-0.5164, -0.4703,  0.7156],
         [ 0.3376, -0.8798, -0.3346],
         [ 0.7870,  0.0688,  0.6131]]], device='cuda:0',
       grad_fn=<StackBackward0>)
0:00:50.917223 - fxfy tensor([[1811.1807, 1811.1808]], device='cuda:0')
0:00:50.920564 - k: tensor([[[-0.5164, -0.4703,  0.7156, -0.0100],
         [ 0.3376, -0.8798, -0.3346,  0.0062],
         [ 0.7870,  0.0688,  0.6131,  0.1920],
         [ 0.0000,  0.0000,  0.0000,  1.0000]]], device='cuda:0',
       grad_fn=<CopySlices>)
0:00:50.921470 - k: tensor([[[-0.7893,  0.4511,  0.4165, -0.0106],
         [-0.5688, -0.7927, -0.2192,  0.0066],
         [ 0.2313, -0.4099,  0.8823,  0.1920],
         [ 0.0000,  0.0000,  0.0000,  1.0000]]], device='cuda:0',
       grad_fn=<CopySlices>)
0:00:50.922361 - k: tensor([[[-0.7893,  0.4511,  0.4165, -0.0100],
         [-0.5688, -0.7927, -0.2192,  0.0062],
         [ 0.2313, -0.4099,  0.8823, -0.0206],
         [ 0.0000,  0.0000,  0.0000,  1.0000]]], device='cuda:0',
       grad_fn=<CopySlices>)
0:00:50.923031 - k: tensor([0.0015], device='cuda:0', grad_fn=<MinBackward0>)
0:00:50.923655 - k: tensor([0.0003], device='cuda:0', grad_fn=<MinBackward0>)
0:00:50.924296 - k: tensor([0.0708], device='cuda:0', grad_fn=<MinBackward0>)
100%|████████████████████████████████| 1/1 [00:00<00:00,  4.75it/s, loss=0.0727]
0:00:50.508045 - bracket_assembly_nut_noaug_coarse--917955
0:00:50.508270 - {'grad_norm': 1.0816060304641724, 'grad_norm_std': inf, 'learning_rate': 2.916666666666667e-10, 'time_forward': 0.12468862533569336, 'time_backward': 0.08234047889709473, 'time_data': nan, 'gpu_memory': 2299.4736328125, 'time': 1683268930.5093312, 'n_iterations': 13, 'n_datas': 104, 'train_loss_TCO-iter=1': 0.07271256297826767, 'train_loss_TCO': 0.07271256297826767, 'train_loss_total': 0.07271256297826767, 'train_grad_norm': 1.0816060304641724, 'epoch': 12}
0:00:50.508396 - None
  0%|                                                     | 0/1 [00:00<?, ?it/s]0:00:50.515946 - TCO_init tensor([[[ 1.0000,  0.0000,  0.0000, -0.0166],
         [ 0.0000,  1.0000,  0.0000,  0.0103],
         [ 0.0000,  0.0000,  1.0000,  0.3000],
         [ 0.0000,  0.0000,  0.0000,  1.0000]]], device='cuda:0')
0:00:51.050053 - iteration 0
0:00:51.341496 - vxvyvz tensor([[ 0.1020,  0.0846, -0.0628]], device='cuda:0',
       grad_fn=<SliceBackward0>)
0:00:51.342541 - TCO_gt tensor([[[-0.7893,  0.4511,  0.4165, -0.0100],
         [-0.5688, -0.7927, -0.2192,  0.0062],
         [ 0.2313, -0.4099,  0.8823,  0.1920],
         [ 0.0000,  0.0000,  0.0000,  1.0000]]], device='cuda:0')
0:00:51.343579 - dR tensor([[[-0.5149, -0.4548,  0.7267],
         [ 0.3357, -0.8869, -0.3173],
         [ 0.7888,  0.0806,  0.6093]]], device='cuda:0',
       grad_fn=<StackBackward0>)
0:00:51.344471 - fxfy tensor([[1811.1807, 1811.1808]], device='cuda:0')
0:00:51.347761 - k: tensor([[[-0.5149, -0.4548,  0.7267, -0.0100],
         [ 0.3357, -0.8869, -0.3173,  0.0062],
         [ 0.7888,  0.0806,  0.6093,  0.1920],
         [ 0.0000,  0.0000,  0.0000,  1.0000]]], device='cuda:0',
       grad_fn=<CopySlices>)
0:00:51.348715 - k: tensor([[[-0.7893,  0.4511,  0.4165, -0.0106],
         [-0.5688, -0.7927, -0.2192,  0.0066],
         [ 0.2313, -0.4099,  0.8823,  0.1920],
         [ 0.0000,  0.0000,  0.0000,  1.0000]]], device='cuda:0',
       grad_fn=<CopySlices>)
0:00:51.349623 - k: tensor([[[-0.7893,  0.4511,  0.4165, -0.0100],
         [-0.5688, -0.7927, -0.2192,  0.0062],
         [ 0.2313, -0.4099,  0.8823, -0.0188],
         [ 0.0000,  0.0000,  0.0000,  1.0000]]], device='cuda:0',
       grad_fn=<CopySlices>)
0:00:51.350240 - k: tensor([0.0015], device='cuda:0', grad_fn=<MinBackward0>)
0:00:51.350882 - k: tensor([0.0003], device='cuda:0', grad_fn=<MinBackward0>)
0:00:51.351514 - k: tensor([0.0703], device='cuda:0', grad_fn=<MinBackward0>)
100%|████████████████████████████████| 1/1 [00:00<00:00,  4.72it/s, loss=0.0721]
0:00:50.908734 - bracket_assembly_nut_noaug_coarse--917955
0:00:50.908945 - {'grad_norm': 1.0416784286499023, 'grad_norm_std': inf, 'learning_rate': 3.125e-10, 'time_forward': 0.12327194213867188, 'time_backward': 0.08471870422363281, 'time_data': nan, 'gpu_memory': 2299.4736328125, 'time': 1683268930.9390242, 'n_iterations': 14, 'n_datas': 112, 'train_loss_TCO-iter=1': 0.07212232798337936, 'train_loss_TCO': 0.07212232798337936, 'train_loss_total': 0.07212232798337936, 'train_grad_norm': 1.0416784286499023, 'epoch': 13}
0:00:50.909064 - None
  0%|                                                     | 0/1 [00:00<?, ?it/s]0:00:50.916425 - TCO_init tensor([[[ 1.0000,  0.0000,  0.0000, -0.0166],
         [ 0.0000,  1.0000,  0.0000,  0.0103],
         [ 0.0000,  0.0000,  1.0000,  0.3000],
         [ 0.0000,  0.0000,  0.0000,  1.0000]]], device='cuda:0')
0:00:51.450404 - iteration 0
0:00:51.740991 - vxvyvz tensor([[ 0.1003,  0.0883, -0.0674]], device='cuda:0',
       grad_fn=<SliceBackward0>)
0:00:51.742066 - TCO_gt tensor([[[-0.7893,  0.4511,  0.4165, -0.0100],
         [-0.5688, -0.7927, -0.2192,  0.0062],
         [ 0.2313, -0.4099,  0.8823,  0.1920],
         [ 0.0000,  0.0000,  0.0000,  1.0000]]], device='cuda:0')
0:00:51.743099 - dR tensor([[[-0.5043, -0.4506,  0.7366],
         [ 0.3169, -0.8901, -0.3275],
         [ 0.8033,  0.0683,  0.5917]]], device='cuda:0',
       grad_fn=<StackBackward0>)
0:00:51.743971 - fxfy tensor([[1811.1807, 1811.1808]], device='cuda:0')
0:00:51.747286 - k: tensor([[[-0.5043, -0.4506,  0.7366, -0.0100],
         [ 0.3169, -0.8901, -0.3275,  0.0062],
         [ 0.8033,  0.0683,  0.5917,  0.1920],
         [ 0.0000,  0.0000,  0.0000,  1.0000]]], device='cuda:0',
       grad_fn=<CopySlices>)
0:00:51.748236 - k: tensor([[[-0.7893,  0.4511,  0.4165, -0.0106],
         [-0.5688, -0.7927, -0.2192,  0.0066],
         [ 0.2313, -0.4099,  0.8823,  0.1920],
         [ 0.0000,  0.0000,  0.0000,  1.0000]]], device='cuda:0',
       grad_fn=<CopySlices>)
0:00:51.749146 - k: tensor([[[-0.7893,  0.4511,  0.4165, -0.0100],
         [-0.5688, -0.7927, -0.2192,  0.0062],
         [ 0.2313, -0.4099,  0.8823, -0.0202],
         [ 0.0000,  0.0000,  0.0000,  1.0000]]], device='cuda:0',
       grad_fn=<CopySlices>)
0:00:51.749766 - k: tensor([0.0016], device='cuda:0', grad_fn=<MinBackward0>)
0:00:51.750392 - k: tensor([0.0003], device='cuda:0', grad_fn=<MinBackward0>)
0:00:51.751036 - k: tensor([0.0707], device='cuda:0', grad_fn=<MinBackward0>)
100%|████████████████████████████████| 1/1 [00:00<00:00,  4.70it/s, loss=0.0727]
0:00:51.327862 - bracket_assembly_nut_noaug_coarse--917955
0:00:51.328090 - {'grad_norm': 1.1240869760513306, 'grad_norm_std': inf, 'learning_rate': 3.3333333333333337e-10, 'time_forward': 0.12225604057312012, 'time_backward': 0.08666729927062988, 'time_data': nan, 'gpu_memory': 2299.4736328125, 'time': 1683268931.3404686, 'n_iterations': 15, 'n_datas': 120, 'train_loss_TCO-iter=1': 0.07268618792295456, 'train_loss_TCO': 0.07268618792295456, 'train_loss_total': 0.07268618792295456, 'train_grad_norm': 1.1240869760513306, 'epoch': 14}
0:00:51.328220 - None
  0%|                                                     | 0/1 [00:00<?, ?it/s]0:00:51.335686 - TCO_init tensor([[[ 1.0000,  0.0000,  0.0000, -0.0166],
         [ 0.0000,  1.0000,  0.0000,  0.0103],
         [ 0.0000,  0.0000,  1.0000,  0.3000],
         [ 0.0000,  0.0000,  0.0000,  1.0000]]], device='cuda:0')
0:00:51.869797 - iteration 0
0:00:52.094027 - vxvyvz tensor([[ 0.1065,  0.0874, -0.0701]], device='cuda:0',
       grad_fn=<SliceBackward0>)
0:00:52.095047 - TCO_gt tensor([[[-0.7893,  0.4511,  0.4165, -0.0100],
         [-0.5688, -0.7927, -0.2192,  0.0062],
         [ 0.2313, -0.4099,  0.8823,  0.1920],
         [ 0.0000,  0.0000,  0.0000,  1.0000]]], device='cuda:0')
0:00:52.096060 - dR tensor([[[-0.4928, -0.4888,  0.7199],
         [ 0.3552, -0.8683, -0.3463],
         [ 0.7944,  0.0851,  0.6015]]], device='cuda:0',
       grad_fn=<StackBackward0>)
0:00:52.096905 - fxfy tensor([[1811.1807, 1811.1808]], device='cuda:0')
0:00:52.100292 - k: tensor([[[-0.4928, -0.4888,  0.7199, -0.0100],
         [ 0.3552, -0.8683, -0.3463,  0.0062],
         [ 0.7944,  0.0851,  0.6015,  0.1920],
         [ 0.0000,  0.0000,  0.0000,  1.0000]]], device='cuda:0',
       grad_fn=<CopySlices>)
0:00:52.101213 - k: tensor([[[-0.7893,  0.4511,  0.4165, -0.0106],
         [-0.5688, -0.7927, -0.2192,  0.0066],
         [ 0.2313, -0.4099,  0.8823,  0.1920],
         [ 0.0000,  0.0000,  0.0000,  1.0000]]], device='cuda:0',
       grad_fn=<CopySlices>)
0:00:52.102617 - k: tensor([[[-0.7893,  0.4511,  0.4165, -0.0100],
         [-0.5688, -0.7927, -0.2192,  0.0062],
         [ 0.2313, -0.4099,  0.8823, -0.0210],
         [ 0.0000,  0.0000,  0.0000,  1.0000]]], device='cuda:0',
       grad_fn=<CopySlices>)
0:00:52.103354 - k: tensor([0.0016], device='cuda:0', grad_fn=<MinBackward0>)
0:00:52.104018 - k: tensor([0.0003], device='cuda:0', grad_fn=<MinBackward0>)
0:00:52.104627 - k: tensor([0.0710], device='cuda:0', grad_fn=<MinBackward0>)
100%|████████████████████████████████| 1/1 [00:00<00:00,  6.73it/s, loss=0.0729]
0:00:51.676692 - bracket_assembly_nut_noaug_coarse--917955
0:00:51.676897 - {'grad_norm': 1.0090724229812622, 'grad_norm_std': inf, 'learning_rate': 3.541666666666667e-10, 'time_forward': 0.0566096305847168, 'time_backward': 0.08823728561401367, 'time_data': nan, 'gpu_memory': 2299.4736328125, 'time': 1683268931.695653, 'n_iterations': 16, 'n_datas': 128, 'train_loss_TCO-iter=1': 0.07294361293315887, 'train_loss_TCO': 0.07294361293315887, 'train_loss_total': 0.07294361293315887, 'train_grad_norm': 1.0090724229812622, 'epoch': 15}
0:00:51.677010 - None
  0%|                                                     | 0/1 [00:00<?, ?it/s]0:00:51.684341 - TCO_init tensor([[[ 1.0000,  0.0000,  0.0000, -0.0166],
         [ 0.0000,  1.0000,  0.0000,  0.0103],
         [ 0.0000,  0.0000,  1.0000,  0.3000],
         [ 0.0000,  0.0000,  0.0000,  1.0000]]], device='cuda:0')
0:00:52.218321 - iteration 0
0:00:52.442077 - vxvyvz tensor([[ 0.1120,  0.0857, -0.0696]], device='cuda:0',
       grad_fn=<SliceBackward0>)
0:00:52.443082 - TCO_gt tensor([[[-0.7893,  0.4511,  0.4165, -0.0100],
         [-0.5688, -0.7927, -0.2192,  0.0062],
         [ 0.2313, -0.4099,  0.8823,  0.1920],
         [ 0.0000,  0.0000,  0.0000,  1.0000]]], device='cuda:0')
0:00:52.444092 - dR tensor([[[-0.5204, -0.4548,  0.7227],
         [ 0.3394, -0.8868, -0.3136],
         [ 0.7835,  0.0821,  0.6159]]], device='cuda:0',
       grad_fn=<StackBackward0>)
0:00:52.444931 - fxfy tensor([[1811.1807, 1811.1808]], device='cuda:0')
0:00:52.448314 - k: tensor([[[-0.5204, -0.4548,  0.7227, -0.0100],
         [ 0.3394, -0.8868, -0.3136,  0.0062],
         [ 0.7835,  0.0821,  0.6159,  0.1920],
         [ 0.0000,  0.0000,  0.0000,  1.0000]]], device='cuda:0',
       grad_fn=<CopySlices>)
0:00:52.449217 - k: tensor([[[-0.7893,  0.4511,  0.4165, -0.0106],
         [-0.5688, -0.7927, -0.2192,  0.0066],
         [ 0.2313, -0.4099,  0.8823,  0.1920],
         [ 0.0000,  0.0000,  0.0000,  1.0000]]], device='cuda:0',
       grad_fn=<CopySlices>)
0:00:52.450113 - k: tensor([[[-0.7893,  0.4511,  0.4165, -0.0100],
         [-0.5688, -0.7927, -0.2192,  0.0062],
         [ 0.2313, -0.4099,  0.8823, -0.0209],
         [ 0.0000,  0.0000,  0.0000,  1.0000]]], device='cuda:0',
       grad_fn=<CopySlices>)
0:00:52.451237 - k: tensor([0.0015], device='cuda:0', grad_fn=<MinBackward0>)
0:00:52.451953 - k: tensor([0.0003], device='cuda:0', grad_fn=<MinBackward0>)
0:00:52.452576 - k: tensor([0.0710], device='cuda:0', grad_fn=<MinBackward0>)
